12301 24806
12301 29405
12301 3340
12301 41303
12301 42864
12301 50031
12301 5400
12301 9050
12301 9146
12303 24806
12303 29405
12303 3340
12303 41303
12303 42864
12303 50031
12303 5400
12303 9050
12303 9146
12310 24806
12310 29405
12310 3340
12310 41303
12310 42864
12310 50031
12310 5400
12310 9050
12310 9146
12594 24806
12594 29405
12594 3340
12594 41303
12594 42864
12594 50031
12594 5400
12594 9050
12594 9146
13335 24806
13335 29405
13335 3340
13335 41303
13335 42864
13335 50031
13335 5400
13335 9050
13335 9146
15169 24806
15169 29405
15169 3340
15169 41303
15169 42864
15169 50031
15169 5400
15169 9050
15169 9146
15566 24806
15566 29405
15566 3340
15566 41303
15566 42864
15566 50031
15566 5400
15566 9050
15566 9146
16265 24806
16265 29405
16265 3340
16265 41303
16265 42864
16265 50031
16265 5400
16265 9050
16265 9146
1955 24806
1955 29405
1955 3340
1955 41303
1955 42864
1955 50031
1955 5400
1955 9050
1955 9146
20510 24806
20510 29405
20510 3340
20510 41303
20510 42864
20510 50031
20510 5400
20510 9050
20510 9146
20523 24806
20523 29405
20523 3340
20523 41303
20523 42864
20523 50031
20523 5400
20523 9050
20523 9146
206892 24806
206892 29405
206892 3340
206892 41303
206892 42864
206892 50031
206892 5400
206892 9050
206892 9146
20845 24806
20845 29405
20845 3340
20845 41303
20845 42864
20845 50031
20845 5400
20845 9050
20845 9146
20882 24806
20882 29405
20882 3340
20882 41303
20882 42864
20882 50031
20882 5400
20882 9050
20882 9146
21229 24806
21229 29405
21229 3340
21229 41303
21229 42864
21229 50031
21229 5400
21229 9050
21229 9146
21334 24806
21334 29405
21334 3340
21334 41303
21334 42864
21334 50031
21334 5400
21334 9050
21334 9146
24806 12301
24806 12303
24806 12310
24806 12594
24806 13335
24806 15169
24806 15566
24806 16265
24806 1955
24806 20510
24806 20523
24806 206892
24806 20845
24806 20882
24806 21229
24806 21334
24806 24822
24806 29278
24806 29405
24806 29834
24806 30836
24806 31042
24806 3216
24806 3244
24806 3340
24806 34655
24806 34779
24806 35263
24806 35311
24806 39201
24806 41206
24806 41303
24806 41627
24806 42624
24806 42864
24806 43928
24806 44302
24806 44306
24806 47116
24806 47169
24806 47381
24806 50031
24806 50261
24806 51920
24806 5400
24806 5483
24806 57389
24806 59649
24806 60673
24806 62214
24806 62292
24806 6663
24806 6830
24806 6939
24806 8075
24806 8448
24806 8462
24806 8708
24806 8928
24806 8990
24806 9002
24806 9009
24806 9050
24806 9146
24822 24806
24822 29405
24822 3340
24822 41303
24822 42864
24822 50031
24822 5400
24822 9050
24822 9146
29278 24806
29278 29405
29278 3340
29278 41303
29278 42864
29278 50031
29278 5400
29278 9050
29278 9146
29405 12301
29405 12303
29405 12310
29405 12594
29405 13335
29405 15169
29405 15566
29405 16265
29405 1955
29405 20510
29405 20523
29405 206892
29405 20845
29405 20882
29405 21229
29405 21334
29405 24806
29405 24822
29405 29278
29405 29834
29405 30836
29405 31042
29405 3216
29405 3244
29405 3340
29405 34655
29405 34779
29405 35263
29405 35311
29405 39201
29405 41206
29405 41303
29405 41627
29405 42624
29405 42864
29405 43928
29405 44302
29405 44306
29405 47116
29405 47169
29405 47381
29405 50031
29405 50261
29405 51920
29405 5400
29405 5483
29405 57389
29405 59649
29405 60673
29405 62214
29405 62292
29405 6663
29405 6830
29405 6939
29405 8075
29405 8448
29405 8462
29405 8708
29405 8928
29405 8990
29405 9002
29405 9009
29405 9050
29405 9146
29834 24806
29834 29405
29834 3340
29834 41303
29834 42864
29834 50031
29834 5400
29834 9050
29834 9146
30836 24806
30836 29405
30836 3340
30836 41303
30836 42864
30836 50031
30836 5400
30836 9050
30836 9146
31042 24806
31042 29405
31042 3340
31042 41303
31042 42864
31042 50031
31042 5400
31042 9050
31042 9146
3216 24806
3216 29405
3216 3340
3216 41303
3216 42864
3216 50031
3216 5400
3216 9050
3216 9146
3244 24806
3244 29405
3244 3340
3244 41303
3244 42864
3244 50031
3244 5400
3244 9050
3244 9146
3340 12301
3340 12303
3340 12310
3340 12594
3340 13335
3340 15169
3340 15566
3340 16265
3340 1955
3340 20510
3340 20523
3340 206892
3340 20845
3340 20882
3340 21229
3340 21334
3340 24806
3340 24822
3340 29278
3340 29405
3340 29834
3340 30836
3340 31042
3340 3216
3340 3244
3340 34655
3340 34779
3340 35263
3340 35311
3340 39201
3340 41206
3340 41303
3340 41627
3340 42624
3340 42864
3340 43928
3340 44302
3340 44306
3340 47116
3340 47169
3340 47381
3340 50031
3340 50261
3340 51920
3340 5400
3340 5483
3340 57389
3340 59649
3340 60673
3340 62214
3340 62292
3340 6663
3340 6830
3340 6939
3340 8075
3340 8448
3340 8462
3340 8708
3340 8928
3340 8990
3340 9002
3340 9009
3340 9050
3340 9146
34655 24806
34655 29405
34655 3340
34655 41303
34655 42864
34655 50031
34655 5400
34655 9050
34655 9146
34779 24806
34779 29405
34779 3340
34779 41303
34779 42864
34779 50031
34779 5400
34779 9050
34779 9146
35263 24806
35263 29405
35263 3340
35263 41303
35263 42864
35263 50031
35263 5400
35263 9050
35263 9146
35311 24806
35311 29405
35311 3340
35311 41303
35311 42864
35311 50031
35311 5400
35311 9050
35311 9146
39201 24806
39201 29405
39201 3340
39201 41303
39201 42864
39201 50031
39201 5400
39201 9050
39201 9146
41206 24806
41206 29405
41206 3340
41206 41303
41206 42864
41206 50031
41206 5400
41206 9050
41206 9146
41303 12301
41303 12303
41303 12310
41303 12594
41303 13335
41303 15169
41303 15566
41303 16265
41303 1955
41303 20510
41303 20523
41303 206892
41303 20845
41303 20882
41303 21229
41303 21334
41303 24806
41303 24822
41303 29278
41303 29405
41303 29834
41303 30836
41303 31042
41303 3216
41303 3244
41303 3340
41303 34655
41303 34779
41303 35263
41303 35311
41303 39201
41303 41206
41303 41627
41303 42624
41303 42864
41303 43928
41303 44302
41303 44306
41303 47116
41303 47169
41303 47381
41303 50031
41303 50261
41303 51920
41303 5400
41303 5483
41303 57389
41303 59649
41303 60673
41303 62214
41303 62292
41303 6663
41303 6830
41303 6939
41303 8075
41303 8448
41303 8462
41303 8708
41303 8928
41303 8990
41303 9002
41303 9009
41303 9050
41303 9146
41627 24806
41627 29405
41627 3340
41627 41303
41627 42864
41627 50031
41627 5400
41627 9050
41627 9146
42624 24806
42624 29405
42624 3340
42624 41303
42624 42864
42624 50031
42624 5400
42624 9050
42624 9146
42864 12301
42864 12303
42864 12310
42864 12594
42864 13335
42864 15169
42864 15566
42864 16265
42864 1955
42864 20510
42864 20523
42864 206892
42864 20845
42864 20882
42864 21229
42864 21334
42864 24806
42864 24822
42864 29278
42864 29405
42864 29834
42864 30836
42864 31042
42864 3216
42864 3244
42864 3340
42864 34655
42864 34779
42864 35263
42864 35311
42864 39201
42864 41206
42864 41303
42864 41627
42864 42624
42864 43928
42864 44302
42864 44306
42864 47116
42864 47169
42864 47381
42864 50031
42864 50261
42864 51920
42864 5400
42864 5483
42864 57389
42864 59649
42864 60673
42864 62214
42864 62292
42864 6663
42864 6830
42864 6939
42864 8075
42864 8448
42864 8462
42864 8708
42864 8928
42864 8990
42864 9002
42864 9009
42864 9050
42864 9146
43928 24806
43928 29405
43928 3340
43928 41303
43928 42864
43928 50031
43928 5400
43928 9050
43928 9146
44302 24806
44302 29405
44302 3340
44302 41303
44302 42864
44302 50031
44302 5400
44302 9050
44302 9146
44306 24806
44306 29405
44306 3340
44306 41303
44306 42864
44306 50031
44306 5400
44306 9050
44306 9146
47116 24806
47116 29405
47116 3340
47116 41303
47116 42864
47116 50031
47116 5400
47116 9050
47116 9146
47169 24806
47169 29405
47169 3340
47169 41303
47169 42864
47169 50031
47169 5400
47169 9050
47169 9146
47381 24806
47381 29405
47381 3340
47381 41303
47381 42864
47381 50031
47381 5400
47381 9050
47381 9146
50031 12301
50031 12303
50031 12310
50031 12594
50031 13335
50031 15169
50031 15566
50031 16265
50031 1955
50031 20510
50031 20523
50031 206892
50031 20845
50031 20882
50031 21229
50031 21334
50031 24806
50031 24822
50031 29278
50031 29405
50031 29834
50031 30836
50031 31042
50031 3216
50031 3244
50031 3340
50031 34655
50031 34779
50031 35263
50031 35311
50031 39201
50031 41206
50031 41303
50031 41627
50031 42624
50031 42864
50031 43928
50031 44302
50031 44306
50031 47116
50031 47169
50031 47381
50031 50261
50031 51920
50031 5400
50031 5483
50031 57389
50031 59649
50031 60673
50031 62214
50031 62292
50031 6663
50031 6830
50031 6939
50031 8075
50031 8448
50031 8462
50031 8708
50031 8928
50031 8990
50031 9002
50031 9009
50031 9050
50031 9146
50261 24806
50261 29405
50261 3340
50261 41303
50261 42864
50261 50031
50261 5400
50261 9050
50261 9146
51920 24806
51920 29405
51920 3340
51920 41303
51920 42864
51920 50031
51920 5400
51920 9050
51920 9146
5400 12301
5400 12303
5400 12310
5400 12594
5400 13335
5400 15169
5400 15566
5400 16265
5400 1955
5400 20510
5400 20523
5400 206892
5400 20845
5400 20882
5400 21229
5400 21334
5400 24806
5400 24822
5400 29278
5400 29405
5400 29834
5400 30836
5400 31042
5400 3216
5400 3244
5400 3340
5400 34655
5400 34779
5400 35263
5400 35311
5400 39201
5400 41206
5400 41303
5400 41627
5400 42624
5400 42864
5400 43928
5400 44302
5400 44306
5400 47116
5400 47169
5400 47381
5400 50031
5400 50261
5400 51920
5400 5483
5400 57389
5400 59649
5400 60673
5400 62214
5400 62292
5400 6663
5400 6830
5400 6939
5400 8075
5400 8448
5400 8462
5400 8708
5400 8928
5400 8990
5400 9002
5400 9009
5400 9050
5400 9146
5483 24806
5483 29405
5483 3340
5483 41303
5483 42864
5483 50031
5483 5400
5483 9050
5483 9146
57389 24806
57389 29405
57389 3340
57389 41303
57389 42864
57389 50031
57389 5400
57389 9050
57389 9146
59649 24806
59649 29405
59649 3340
59649 41303
59649 42864
59649 50031
59649 5400
59649 9050
59649 9146
60673 24806
60673 29405
60673 3340
60673 41303
60673 42864
60673 50031
60673 5400
60673 9050
60673 9146
62214 24806
62214 29405
62214 3340
62214 41303
62214 42864
62214 50031
62214 5400
62214 9050
62214 9146
62292 24806
62292 29405
62292 3340
62292 41303
62292 42864
62292 50031
62292 5400
62292 9050
62292 9146
6663 24806
6663 29405
6663 3340
6663 41303
6663 42864
6663 50031
6663 5400
6663 9050
6663 9146
6830 24806
6830 29405
6830 3340
6830 41303
6830 42864
6830 50031
6830 5400
6830 9050
6830 9146
6939 24806
6939 29405
6939 3340
6939 41303
6939 42864
6939 50031
6939 5400
6939 9050
6939 9146
8075 24806
8075 29405
8075 3340
8075 41303
8075 42864
8075 50031
8075 5400
8075 9050
8075 9146
8448 24806
8448 29405
8448 3340
8448 41303
8448 42864
8448 50031
8448 5400
8448 9050
8448 9146
8462 24806
8462 29405
8462 3340
8462 41303
8462 42864
8462 50031
8462 5400
8462 9050
8462 9146
8708 24806
8708 29405
8708 3340
8708 41303
8708 42864
8708 50031
8708 5400
8708 9050
8708 9146
8928 24806
8928 29405
8928 3340
8928 41303
8928 42864
8928 50031
8928 5400
8928 9050
8928 9146
8990 24806
8990 29405
8990 3340
8990 41303
8990 42864
8990 50031
8990 5400
8990 9050
8990 9146
9002 24806
9002 29405
9002 3340
9002 41303
9002 42864
9002 50031
9002 5400
9002 9050
9002 9146
9009 24806
9009 29405
9009 3340
9009 41303
9009 42864
9009 50031
9009 5400
9009 9050
9009 9146
9050 12301
9050 12303
9050 12310
9050 12594
9050 13335
9050 15169
9050 15566
9050 16265
9050 1955
9050 20510
9050 20523
9050 206892
9050 20845
9050 20882
9050 21229
9050 21334
9050 24806
9050 24822
9050 29278
9050 29405
9050 29834
9050 30836
9050 31042
9050 3216
9050 3244
9050 3340
9050 34655
9050 34779
9050 35263
9050 35311
9050 39201
9050 41206
9050 41303
9050 41627
9050 42624
9050 42864
9050 43928
9050 44302
9050 44306
9050 47116
9050 47169
9050 47381
9050 50031
9050 50261
9050 51920
9050 5400
9050 5483
9050 57389
9050 59649
9050 60673
9050 62214
9050 62292
9050 6663
9050 6830
9050 6939
9050 8075
9050 8448
9050 8462
9050 8708
9050 8928
9050 8990
9050 9002
9050 9009
9050 9146
9146 12301
9146 12303
9146 12310
9146 12594
9146 13335
9146 15169
9146 15566
9146 16265
9146 1955
9146 20510
9146 20523
9146 206892
9146 20845
9146 20882
9146 21229
9146 21334
9146 24806
9146 24822
9146 29278
9146 29405
9146 29834
9146 30836
9146 31042
9146 3216
9146 3244
9146 3340
9146 34655
9146 34779
9146 35263
9146 35311
9146 39201
9146 41206
9146 41303
9146 41627
9146 42624
9146 42864
9146 43928
9146 44302
9146 44306
9146 47116
9146 47169
9146 47381
9146 50031
9146 50261
9146 51920
9146 5400
9146 5483
9146 57389
9146 59649
9146 60673
9146 62214
9146 62292
9146 6663
9146 6830
9146 6939
9146 8075
9146 8448
9146 8462
9146 8708
9146 8928
9146 8990
9146 9002
9146 9009
9146 9050
