10310 12829
10310 13004
10310 25374
10310 28909
10310 29582
10310 29687
10310 31029
10310 31042
10310 34772
10310 38932
10310 39184
10310 39251
10310 42248
10310 51582
10310 5483
10310 6866
10310 8390
1241 12829
1241 13004
1241 25374
1241 28909
1241 29582
1241 29687
1241 31029
1241 31042
1241 34772
1241 38932
1241 39184
1241 39251
1241 42248
1241 51582
1241 5483
1241 6866
1241 8390
12615 12829
12615 13004
12615 25374
12615 28909
12615 29582
12615 29687
12615 31029
12615 31042
12615 34772
12615 38932
12615 39184
12615 39251
12615 42248
12615 51582
12615 5483
12615 6866
12615 8390
12716 12829
12716 13004
12716 25374
12716 28909
12716 29582
12716 29687
12716 31029
12716 31042
12716 34772
12716 38932
12716 39184
12716 39251
12716 42248
12716 51582
12716 5483
12716 6866
12716 8390
12829 10310
12829 1241
12829 12615
12829 12716
12829 12982
12829 13004
12829 13124
12829 13172
12829 13335
12829 15169
12829 197216
12829 198259
12829 200533
12829 204281
12829 206776
12829 20682
12829 20911
12829 20940
12829 24750
12829 24770
12829 25374
12829 28909
12829 29084
12829 29244
12829 29582
12829 29667
12829 29687
12829 31029
12829 31042
12829 31083
12829 31250
12829 31287
12829 31291
12829 31293
12829 31298
12829 3216
12829 32934
12829 34224
12829 34569
12829 34772
12829 34984
12829 35141
12829 35489
12829 35761
12829 3856
12829 38932
12829 39184
12829 39251
12829 41313
12829 42
12829 42248
12829 43205
12829 43561
12829 44217
12829 44814
12829 44901
12829 48115
12829 48452
12829 49737
12829 50866
12829 51555
12829 51582
12829 5483
12829 57344
12829 59620
12829 60447
12829 6507
12829 6866
12829 6939
12829 8075
12829 8262
12829 8390
12829 8431
12829 8717
12829 8860
12829 8866
12829 8932
12829 9070
12982 12829
12982 13004
12982 25374
12982 28909
12982 29582
12982 29687
12982 31029
12982 31042
12982 34772
12982 38932
12982 39184
12982 39251
12982 42248
12982 51582
12982 5483
12982 6866
12982 8390
13004 10310
13004 1241
13004 12615
13004 12716
13004 12829
13004 12982
13004 13124
13004 13172
13004 13335
13004 15169
13004 197216
13004 198259
13004 200533
13004 204281
13004 206776
13004 20682
13004 20911
13004 20940
13004 24750
13004 24770
13004 25374
13004 28909
13004 29084
13004 29244
13004 29582
13004 29667
13004 29687
13004 31029
13004 31042
13004 31083
13004 31250
13004 31287
13004 31291
13004 31293
13004 31298
13004 3216
13004 32934
13004 34224
13004 34569
13004 34772
13004 34984
13004 35141
13004 35489
13004 35761
13004 3856
13004 38932
13004 39184
13004 39251
13004 41313
13004 42
13004 42248
13004 43205
13004 43561
13004 44217
13004 44814
13004 44901
13004 48115
13004 48452
13004 49737
13004 50866
13004 51555
13004 51582
13004 5483
13004 57344
13004 59620
13004 60447
13004 6507
13004 6866
13004 6939
13004 8075
13004 8262
13004 8390
13004 8431
13004 8717
13004 8860
13004 8866
13004 8932
13004 9070
13124 12829
13124 13004
13124 25374
13124 28909
13124 29582
13124 29687
13124 31029
13124 31042
13124 34772
13124 38932
13124 39184
13124 39251
13124 42248
13124 51582
13124 5483
13124 6866
13124 8390
13172 12829
13172 13004
13172 25374
13172 28909
13172 29582
13172 29687
13172 31029
13172 31042
13172 34772
13172 38932
13172 39184
13172 39251
13172 42248
13172 51582
13172 5483
13172 6866
13172 8390
13335 12829
13335 13004
13335 25374
13335 28909
13335 29582
13335 29687
13335 31029
13335 31042
13335 34772
13335 38932
13335 39184
13335 39251
13335 42248
13335 51582
13335 5483
13335 6866
13335 8390
15169 12829
15169 13004
15169 25374
15169 28909
15169 29582
15169 29687
15169 31029
15169 31042
15169 34772
15169 38932
15169 39184
15169 39251
15169 42248
15169 51582
15169 5483
15169 6866
15169 8390
197216 12829
197216 13004
197216 25374
197216 28909
197216 29582
197216 29687
197216 31029
197216 31042
197216 34772
197216 38932
197216 39184
197216 39251
197216 42248
197216 51582
197216 5483
197216 6866
197216 8390
198259 12829
198259 13004
198259 25374
198259 28909
198259 29582
198259 29687
198259 31029
198259 31042
198259 34772
198259 38932
198259 39184
198259 39251
198259 42248
198259 51582
198259 5483
198259 6866
198259 8390
200533 12829
200533 13004
200533 25374
200533 28909
200533 29582
200533 29687
200533 31029
200533 31042
200533 34772
200533 38932
200533 39184
200533 39251
200533 42248
200533 51582
200533 5483
200533 6866
200533 8390
204281 12829
204281 13004
204281 25374
204281 28909
204281 29582
204281 29687
204281 31029
204281 31042
204281 34772
204281 38932
204281 39184
204281 39251
204281 42248
204281 51582
204281 5483
204281 6866
204281 8390
206776 12829
206776 13004
206776 25374
206776 28909
206776 29582
206776 29687
206776 31029
206776 31042
206776 34772
206776 38932
206776 39184
206776 39251
206776 42248
206776 51582
206776 5483
206776 6866
206776 8390
20682 12829
20682 13004
20682 25374
20682 28909
20682 29582
20682 29687
20682 31029
20682 31042
20682 34772
20682 38932
20682 39184
20682 39251
20682 42248
20682 51582
20682 5483
20682 6866
20682 8390
20911 12829
20911 13004
20911 25374
20911 28909
20911 29582
20911 29687
20911 31029
20911 31042
20911 34772
20911 38932
20911 39184
20911 39251
20911 42248
20911 51582
20911 5483
20911 6866
20911 8390
20940 12829
20940 13004
20940 25374
20940 28909
20940 29582
20940 29687
20940 31029
20940 31042
20940 34772
20940 38932
20940 39184
20940 39251
20940 42248
20940 51582
20940 5483
20940 6866
20940 8390
24750 12829
24750 13004
24750 25374
24750 28909
24750 29582
24750 29687
24750 31029
24750 31042
24750 34772
24750 38932
24750 39184
24750 39251
24750 42248
24750 51582
24750 5483
24750 6866
24750 8390
24770 12829
24770 13004
24770 25374
24770 28909
24770 29582
24770 29687
24770 31029
24770 31042
24770 34772
24770 38932
24770 39184
24770 39251
24770 42248
24770 51582
24770 5483
24770 6866
24770 8390
25374 10310
25374 1241
25374 12615
25374 12716
25374 12829
25374 12982
25374 13004
25374 13124
25374 13172
25374 13335
25374 15169
25374 197216
25374 198259
25374 200533
25374 204281
25374 206776
25374 20682
25374 20911
25374 20940
25374 24750
25374 24770
25374 28909
25374 29084
25374 29244
25374 29582
25374 29667
25374 29687
25374 31029
25374 31042
25374 31083
25374 31250
25374 31287
25374 31291
25374 31293
25374 31298
25374 3216
25374 32934
25374 34224
25374 34569
25374 34772
25374 34984
25374 35141
25374 35489
25374 35761
25374 3856
25374 38932
25374 39184
25374 39251
25374 41313
25374 42
25374 42248
25374 43205
25374 43561
25374 44217
25374 44814
25374 44901
25374 48115
25374 48452
25374 49737
25374 50866
25374 51555
25374 51582
25374 5483
25374 57344
25374 59620
25374 60447
25374 6507
25374 6866
25374 6939
25374 8075
25374 8262
25374 8390
25374 8431
25374 8717
25374 8860
25374 8866
25374 8932
25374 9070
28909 10310
28909 1241
28909 12615
28909 12716
28909 12829
28909 12982
28909 13004
28909 13124
28909 13172
28909 13335
28909 15169
28909 197216
28909 198259
28909 200533
28909 204281
28909 206776
28909 20682
28909 20911
28909 20940
28909 24750
28909 24770
28909 25374
28909 29084
28909 29244
28909 29582
28909 29667
28909 29687
28909 31029
28909 31042
28909 31083
28909 31250
28909 31287
28909 31291
28909 31293
28909 31298
28909 3216
28909 32934
28909 34224
28909 34569
28909 34772
28909 34984
28909 35141
28909 35489
28909 35761
28909 3856
28909 38932
28909 39184
28909 39251
28909 41313
28909 42
28909 42248
28909 43205
28909 43561
28909 44217
28909 44814
28909 44901
28909 48115
28909 48452
28909 49737
28909 50866
28909 51555
28909 51582
28909 5483
28909 57344
28909 59620
28909 60447
28909 6507
28909 6866
28909 6939
28909 8075
28909 8262
28909 8390
28909 8431
28909 8717
28909 8860
28909 8866
28909 8932
28909 9070
29084 12829
29084 13004
29084 25374
29084 28909
29084 29582
29084 29687
29084 31029
29084 31042
29084 34772
29084 38932
29084 39184
29084 39251
29084 42248
29084 51582
29084 5483
29084 6866
29084 8390
29244 12829
29244 13004
29244 25374
29244 28909
29244 29582
29244 29687
29244 31029
29244 31042
29244 34772
29244 38932
29244 39184
29244 39251
29244 42248
29244 51582
29244 5483
29244 6866
29244 8390
29582 10310
29582 1241
29582 12615
29582 12716
29582 12829
29582 12982
29582 13004
29582 13124
29582 13172
29582 13335
29582 15169
29582 197216
29582 198259
29582 200533
29582 204281
29582 206776
29582 20682
29582 20911
29582 20940
29582 24750
29582 24770
29582 25374
29582 28909
29582 29084
29582 29244
29582 29667
29582 29687
29582 31029
29582 31042
29582 31083
29582 31250
29582 31287
29582 31291
29582 31293
29582 31298
29582 3216
29582 32934
29582 34224
29582 34569
29582 34772
29582 34984
29582 35141
29582 35489
29582 35761
29582 3856
29582 38932
29582 39184
29582 39251
29582 41313
29582 42
29582 42248
29582 43205
29582 43561
29582 44217
29582 44814
29582 44901
29582 48115
29582 48452
29582 49737
29582 50866
29582 51555
29582 51582
29582 5483
29582 57344
29582 59620
29582 60447
29582 6507
29582 6866
29582 6939
29582 8075
29582 8262
29582 8390
29582 8431
29582 8717
29582 8860
29582 8866
29582 8932
29582 9070
29667 12829
29667 13004
29667 25374
29667 28909
29667 29582
29667 29687
29667 31029
29667 31042
29667 34772
29667 38932
29667 39184
29667 39251
29667 42248
29667 51582
29667 5483
29667 6866
29667 8390
29687 10310
29687 1241
29687 12615
29687 12716
29687 12829
29687 12982
29687 13004
29687 13124
29687 13172
29687 13335
29687 15169
29687 197216
29687 198259
29687 200533
29687 204281
29687 206776
29687 20682
29687 20911
29687 20940
29687 24750
29687 24770
29687 25374
29687 28909
29687 29084
29687 29244
29687 29582
29687 29667
29687 31029
29687 31042
29687 31083
29687 31250
29687 31287
29687 31291
29687 31293
29687 31298
29687 3216
29687 32934
29687 34224
29687 34569
29687 34772
29687 34984
29687 35141
29687 35489
29687 35761
29687 3856
29687 38932
29687 39184
29687 39251
29687 41313
29687 42
29687 42248
29687 43205
29687 43561
29687 44217
29687 44814
29687 44901
29687 48115
29687 48452
29687 49737
29687 50866
29687 51555
29687 51582
29687 5483
29687 57344
29687 59620
29687 60447
29687 6507
29687 6866
29687 6939
29687 8075
29687 8262
29687 8390
29687 8431
29687 8717
29687 8860
29687 8866
29687 8932
29687 9070
31029 10310
31029 1241
31029 12615
31029 12716
31029 12829
31029 12982
31029 13004
31029 13124
31029 13172
31029 13335
31029 15169
31029 197216
31029 198259
31029 200533
31029 204281
31029 206776
31029 20682
31029 20911
31029 20940
31029 24750
31029 24770
31029 25374
31029 28909
31029 29084
31029 29244
31029 29582
31029 29667
31029 29687
31029 31042
31029 31083
31029 31250
31029 31287
31029 31291
31029 31293
31029 31298
31029 3216
31029 32934
31029 34224
31029 34569
31029 34772
31029 34984
31029 35141
31029 35489
31029 35761
31029 3856
31029 38932
31029 39184
31029 39251
31029 41313
31029 42
31029 42248
31029 43205
31029 43561
31029 44217
31029 44814
31029 44901
31029 48115
31029 48452
31029 49737
31029 50866
31029 51555
31029 51582
31029 5483
31029 57344
31029 59620
31029 60447
31029 6507
31029 6866
31029 6939
31029 8075
31029 8262
31029 8390
31029 8431
31029 8717
31029 8860
31029 8866
31029 8932
31029 9070
31042 10310
31042 1241
31042 12615
31042 12716
31042 12829
31042 12982
31042 13004
31042 13124
31042 13172
31042 13335
31042 15169
31042 197216
31042 198259
31042 200533
31042 204281
31042 206776
31042 20682
31042 20911
31042 20940
31042 24750
31042 24770
31042 25374
31042 28909
31042 29084
31042 29244
31042 29582
31042 29667
31042 29687
31042 31029
31042 31083
31042 31250
31042 31287
31042 31291
31042 31293
31042 31298
31042 3216
31042 32934
31042 34224
31042 34569
31042 34772
31042 34984
31042 35141
31042 35489
31042 35761
31042 3856
31042 38932
31042 39184
31042 39251
31042 41313
31042 42
31042 42248
31042 43205
31042 43561
31042 44217
31042 44814
31042 44901
31042 48115
31042 48452
31042 49737
31042 50866
31042 51555
31042 51582
31042 5483
31042 57344
31042 59620
31042 60447
31042 6507
31042 6866
31042 6939
31042 8075
31042 8262
31042 8390
31042 8431
31042 8717
31042 8860
31042 8866
31042 8932
31042 9070
31083 12829
31083 13004
31083 25374
31083 28909
31083 29582
31083 29687
31083 31029
31083 31042
31083 34772
31083 38932
31083 39184
31083 39251
31083 42248
31083 51582
31083 5483
31083 6866
31083 8390
31250 12829
31250 13004
31250 25374
31250 28909
31250 29582
31250 29687
31250 31029
31250 31042
31250 34772
31250 38932
31250 39184
31250 39251
31250 42248
31250 51582
31250 5483
31250 6866
31250 8390
31287 12829
31287 13004
31287 25374
31287 28909
31287 29582
31287 29687
31287 31029
31287 31042
31287 34772
31287 38932
31287 39184
31287 39251
31287 42248
31287 51582
31287 5483
31287 6866
31287 8390
31291 12829
31291 13004
31291 25374
31291 28909
31291 29582
31291 29687
31291 31029
31291 31042
31291 34772
31291 38932
31291 39184
31291 39251
31291 42248
31291 51582
31291 5483
31291 6866
31291 8390
31293 12829
31293 13004
31293 25374
31293 28909
31293 29582
31293 29687
31293 31029
31293 31042
31293 34772
31293 38932
31293 39184
31293 39251
31293 42248
31293 51582
31293 5483
31293 6866
31293 8390
31298 12829
31298 13004
31298 25374
31298 28909
31298 29582
31298 29687
31298 31029
31298 31042
31298 34772
31298 38932
31298 39184
31298 39251
31298 42248
31298 51582
31298 5483
31298 6866
31298 8390
3216 12829
3216 13004
3216 25374
3216 28909
3216 29582
3216 29687
3216 31029
3216 31042
3216 34772
3216 38932
3216 39184
3216 39251
3216 42248
3216 51582
3216 5483
3216 6866
3216 8390
32934 12829
32934 13004
32934 25374
32934 28909
32934 29582
32934 29687
32934 31029
32934 31042
32934 34772
32934 38932
32934 39184
32934 39251
32934 42248
32934 51582
32934 5483
32934 6866
32934 8390
34224 12829
34224 13004
34224 25374
34224 28909
34224 29582
34224 29687
34224 31029
34224 31042
34224 34772
34224 38932
34224 39184
34224 39251
34224 42248
34224 51582
34224 5483
34224 6866
34224 8390
34569 12829
34569 13004
34569 25374
34569 28909
34569 29582
34569 29687
34569 31029
34569 31042
34569 34772
34569 38932
34569 39184
34569 39251
34569 42248
34569 51582
34569 5483
34569 6866
34569 8390
34772 10310
34772 1241
34772 12615
34772 12716
34772 12829
34772 12982
34772 13004
34772 13124
34772 13172
34772 13335
34772 15169
34772 197216
34772 198259
34772 200533
34772 204281
34772 206776
34772 20682
34772 20911
34772 20940
34772 24750
34772 24770
34772 25374
34772 28909
34772 29084
34772 29244
34772 29582
34772 29667
34772 29687
34772 31029
34772 31042
34772 31083
34772 31250
34772 31287
34772 31291
34772 31293
34772 31298
34772 3216
34772 32934
34772 34224
34772 34569
34772 34984
34772 35141
34772 35489
34772 35761
34772 3856
34772 38932
34772 39184
34772 39251
34772 41313
34772 42
34772 42248
34772 43205
34772 43561
34772 44217
34772 44814
34772 44901
34772 48115
34772 48452
34772 49737
34772 50866
34772 51555
34772 51582
34772 5483
34772 57344
34772 59620
34772 60447
34772 6507
34772 6866
34772 6939
34772 8075
34772 8262
34772 8390
34772 8431
34772 8717
34772 8860
34772 8866
34772 8932
34772 9070
34984 12829
34984 13004
34984 25374
34984 28909
34984 29582
34984 29687
34984 31029
34984 31042
34984 34772
34984 38932
34984 39184
34984 39251
34984 42248
34984 51582
34984 5483
34984 6866
34984 8390
35141 12829
35141 13004
35141 25374
35141 28909
35141 29582
35141 29687
35141 31029
35141 31042
35141 34772
35141 38932
35141 39184
35141 39251
35141 42248
35141 51582
35141 5483
35141 6866
35141 8390
35489 12829
35489 13004
35489 25374
35489 28909
35489 29582
35489 29687
35489 31029
35489 31042
35489 34772
35489 38932
35489 39184
35489 39251
35489 42248
35489 51582
35489 5483
35489 6866
35489 8390
35761 12829
35761 13004
35761 25374
35761 28909
35761 29582
35761 29687
35761 31029
35761 31042
35761 34772
35761 38932
35761 39184
35761 39251
35761 42248
35761 51582
35761 5483
35761 6866
35761 8390
3856 12829
3856 13004
3856 25374
3856 28909
3856 29582
3856 29687
3856 31029
3856 31042
3856 34772
3856 38932
3856 39184
3856 39251
3856 42248
3856 51582
3856 5483
3856 6866
3856 8390
38932 10310
38932 1241
38932 12615
38932 12716
38932 12829
38932 12982
38932 13004
38932 13124
38932 13172
38932 13335
38932 15169
38932 197216
38932 198259
38932 200533
38932 204281
38932 206776
38932 20682
38932 20911
38932 20940
38932 24750
38932 24770
38932 25374
38932 28909
38932 29084
38932 29244
38932 29582
38932 29667
38932 29687
38932 31029
38932 31042
38932 31083
38932 31250
38932 31287
38932 31291
38932 31293
38932 31298
38932 3216
38932 32934
38932 34224
38932 34569
38932 34772
38932 34984
38932 35141
38932 35489
38932 35761
38932 3856
38932 39184
38932 39251
38932 41313
38932 42
38932 42248
38932 43205
38932 43561
38932 44217
38932 44814
38932 44901
38932 48115
38932 48452
38932 49737
38932 50866
38932 51555
38932 51582
38932 5483
38932 57344
38932 59620
38932 60447
38932 6507
38932 6866
38932 6939
38932 8075
38932 8262
38932 8390
38932 8431
38932 8717
38932 8860
38932 8866
38932 8932
38932 9070
39184 10310
39184 1241
39184 12615
39184 12716
39184 12829
39184 12982
39184 13004
39184 13124
39184 13172
39184 13335
39184 15169
39184 197216
39184 198259
39184 200533
39184 204281
39184 206776
39184 20682
39184 20911
39184 20940
39184 24750
39184 24770
39184 25374
39184 28909
39184 29084
39184 29244
39184 29582
39184 29667
39184 29687
39184 31029
39184 31042
39184 31083
39184 31250
39184 31287
39184 31291
39184 31293
39184 31298
39184 3216
39184 32934
39184 34224
39184 34569
39184 34772
39184 34984
39184 35141
39184 35489
39184 35761
39184 3856
39184 38932
39184 39251
39184 41313
39184 42
39184 42248
39184 43205
39184 43561
39184 44217
39184 44814
39184 44901
39184 48115
39184 48452
39184 49737
39184 50866
39184 51555
39184 51582
39184 5483
39184 57344
39184 59620
39184 60447
39184 6507
39184 6866
39184 6939
39184 8075
39184 8262
39184 8390
39184 8431
39184 8717
39184 8860
39184 8866
39184 8932
39184 9070
39251 10310
39251 1241
39251 12615
39251 12716
39251 12829
39251 12982
39251 13004
39251 13124
39251 13172
39251 13335
39251 15169
39251 197216
39251 198259
39251 200533
39251 204281
39251 206776
39251 20682
39251 20911
39251 20940
39251 24750
39251 24770
39251 25374
39251 28909
39251 29084
39251 29244
39251 29582
39251 29667
39251 29687
39251 31029
39251 31042
39251 31083
39251 31250
39251 31287
39251 31291
39251 31293
39251 31298
39251 3216
39251 32934
39251 34224
39251 34569
39251 34772
39251 34984
39251 35141
39251 35489
39251 35761
39251 3856
39251 38932
39251 39184
39251 41313
39251 42
39251 42248
39251 43205
39251 43561
39251 44217
39251 44814
39251 44901
39251 48115
39251 48452
39251 49737
39251 50866
39251 51555
39251 51582
39251 5483
39251 57344
39251 59620
39251 60447
39251 6507
39251 6866
39251 6939
39251 8075
39251 8262
39251 8390
39251 8431
39251 8717
39251 8860
39251 8866
39251 8932
39251 9070
41313 12829
41313 13004
41313 25374
41313 28909
41313 29582
41313 29687
41313 31029
41313 31042
41313 34772
41313 38932
41313 39184
41313 39251
41313 42248
41313 51582
41313 5483
41313 6866
41313 8390
42 12829
42 13004
42248 10310
42248 1241
42248 12615
42248 12716
42248 12829
42248 12982
42248 13004
42248 13124
42248 13172
42248 13335
42248 15169
42248 197216
42248 198259
42248 200533
42248 204281
42248 206776
42248 20682
42248 20911
42248 20940
42248 24750
42248 24770
42248 25374
42248 28909
42248 29084
42248 29244
42248 29582
42248 29667
42248 29687
42248 31029
42248 31042
42248 31083
42248 31250
42248 31287
42248 31291
42248 31293
42248 31298
42248 3216
42248 32934
42248 34224
42248 34569
42248 34772
42248 34984
42248 35141
42248 35489
42248 35761
42248 3856
42248 38932
42248 39184
42248 39251
42248 41313
42248 42
42248 43205
42248 43561
42248 44217
42248 44814
42248 44901
42248 48115
42248 48452
42248 49737
42248 50866
42248 51555
42248 51582
42248 5483
42248 57344
42248 59620
42248 60447
42248 6507
42248 6866
42248 6939
42248 8075
42248 8262
42248 8390
42248 8431
42248 8717
42248 8860
42248 8866
42248 8932
42248 9070
42 25374
42 28909
42 29582
42 29687
42 31029
42 31042
42 34772
42 38932
42 39184
42 39251
42 42248
42 51582
42 5483
42 6866
42 8390
43205 12829
43205 13004
43205 25374
43205 28909
43205 29582
43205 29687
43205 31029
43205 31042
43205 34772
43205 38932
43205 39184
43205 39251
43205 42248
43205 51582
43205 5483
43205 6866
43205 8390
43561 12829
43561 13004
43561 25374
43561 28909
43561 29582
43561 29687
43561 31029
43561 31042
43561 34772
43561 38932
43561 39184
43561 39251
43561 42248
43561 51582
43561 5483
43561 6866
43561 8390
44217 12829
44217 13004
44217 25374
44217 28909
44217 29582
44217 29687
44217 31029
44217 31042
44217 34772
44217 38932
44217 39184
44217 39251
44217 42248
44217 51582
44217 5483
44217 6866
44217 8390
44814 12829
44814 13004
44814 25374
44814 28909
44814 29582
44814 29687
44814 31029
44814 31042
44814 34772
44814 38932
44814 39184
44814 39251
44814 42248
44814 51582
44814 5483
44814 6866
44814 8390
44901 12829
44901 13004
44901 25374
44901 28909
44901 29582
44901 29687
44901 31029
44901 31042
44901 34772
44901 38932
44901 39184
44901 39251
44901 42248
44901 51582
44901 5483
44901 6866
44901 8390
48115 12829
48115 13004
48115 25374
48115 28909
48115 29582
48115 29687
48115 31029
48115 31042
48115 34772
48115 38932
48115 39184
48115 39251
48115 42248
48115 51582
48115 5483
48115 6866
48115 8390
48452 12829
48452 13004
48452 25374
48452 28909
48452 29582
48452 29687
48452 31029
48452 31042
48452 34772
48452 38932
48452 39184
48452 39251
48452 42248
48452 51582
48452 5483
48452 6866
48452 8390
49737 12829
49737 13004
49737 25374
49737 28909
49737 29582
49737 29687
49737 31029
49737 31042
49737 34772
49737 38932
49737 39184
49737 39251
49737 42248
49737 51582
49737 5483
49737 6866
49737 8390
50866 12829
50866 13004
50866 25374
50866 28909
50866 29582
50866 29687
50866 31029
50866 31042
50866 34772
50866 38932
50866 39184
50866 39251
50866 42248
50866 51582
50866 5483
50866 6866
50866 8390
51555 12829
51555 13004
51555 25374
51555 28909
51555 29582
51555 29687
51555 31029
51555 31042
51555 34772
51555 38932
51555 39184
51555 39251
51555 42248
51555 51582
51555 5483
51555 6866
51555 8390
51582 10310
51582 1241
51582 12615
51582 12716
51582 12829
51582 12982
51582 13004
51582 13124
51582 13172
51582 13335
51582 15169
51582 197216
51582 198259
51582 200533
51582 204281
51582 206776
51582 20682
51582 20911
51582 20940
51582 24750
51582 24770
51582 25374
51582 28909
51582 29084
51582 29244
51582 29582
51582 29667
51582 29687
51582 31029
51582 31042
51582 31083
51582 31250
51582 31287
51582 31291
51582 31293
51582 31298
51582 3216
51582 32934
51582 34224
51582 34569
51582 34772
51582 34984
51582 35141
51582 35489
51582 35761
51582 3856
51582 38932
51582 39184
51582 39251
51582 41313
51582 42
51582 42248
51582 43205
51582 43561
51582 44217
51582 44814
51582 44901
51582 48115
51582 48452
51582 49737
51582 50866
51582 51555
51582 5483
51582 57344
51582 59620
51582 60447
51582 6507
51582 6866
51582 6939
51582 8075
51582 8262
51582 8390
51582 8431
51582 8717
51582 8860
51582 8866
51582 8932
51582 9070
5483 10310
5483 1241
5483 12615
5483 12716
5483 12829
5483 12982
5483 13004
5483 13124
5483 13172
5483 13335
5483 15169
5483 197216
5483 198259
5483 200533
5483 204281
5483 206776
5483 20682
5483 20911
5483 20940
5483 24750
5483 24770
5483 25374
5483 28909
5483 29084
5483 29244
5483 29582
5483 29667
5483 29687
5483 31029
5483 31042
5483 31083
5483 31250
5483 31287
5483 31291
5483 31293
5483 31298
5483 3216
5483 32934
5483 34224
5483 34569
5483 34772
5483 34984
5483 35141
5483 35489
5483 35761
5483 3856
5483 38932
5483 39184
5483 39251
5483 41313
5483 42
5483 42248
5483 43205
5483 43561
5483 44217
5483 44814
5483 44901
5483 48115
5483 48452
5483 49737
5483 50866
5483 51555
5483 51582
5483 57344
5483 59620
5483 60447
5483 6507
5483 6866
5483 6939
5483 8075
5483 8262
5483 8390
5483 8431
5483 8717
5483 8860
5483 8866
5483 8932
5483 9070
57344 12829
57344 13004
57344 25374
57344 28909
57344 29582
57344 29687
57344 31029
57344 31042
57344 34772
57344 38932
57344 39184
57344 39251
57344 42248
57344 51582
57344 5483
57344 6866
57344 8390
59620 12829
59620 13004
59620 25374
59620 28909
59620 29582
59620 29687
59620 31029
59620 31042
59620 34772
59620 38932
59620 39184
59620 39251
59620 42248
59620 51582
59620 5483
59620 6866
59620 8390
60447 12829
60447 13004
60447 25374
60447 28909
60447 29582
60447 29687
60447 31029
60447 31042
60447 34772
60447 38932
60447 39184
60447 39251
60447 42248
60447 51582
60447 5483
60447 6866
60447 8390
6507 12829
6507 13004
6507 25374
6507 28909
6507 29582
6507 29687
6507 31029
6507 31042
6507 34772
6507 38932
6507 39184
6507 39251
6507 42248
6507 51582
6507 5483
6507 6866
6507 8390
6866 10310
6866 1241
6866 12615
6866 12716
6866 12829
6866 12982
6866 13004
6866 13124
6866 13172
6866 13335
6866 15169
6866 197216
6866 198259
6866 200533
6866 204281
6866 206776
6866 20682
6866 20911
6866 20940
6866 24750
6866 24770
6866 25374
6866 28909
6866 29084
6866 29244
6866 29582
6866 29667
6866 29687
6866 31029
6866 31042
6866 31083
6866 31250
6866 31287
6866 31291
6866 31293
6866 31298
6866 3216
6866 32934
6866 34224
6866 34569
6866 34772
6866 34984
6866 35141
6866 35489
6866 35761
6866 3856
6866 38932
6866 39184
6866 39251
6866 41313
6866 42
6866 42248
6866 43205
6866 43561
6866 44217
6866 44814
6866 44901
6866 48115
6866 48452
6866 49737
6866 50866
6866 51555
6866 51582
6866 5483
6866 57344
6866 59620
6866 60447
6866 6507
6866 6939
6866 8075
6866 8262
6866 8390
6866 8431
6866 8717
6866 8860
6866 8866
6866 8932
6866 9070
6939 12829
6939 13004
6939 25374
6939 28909
6939 29582
6939 29687
6939 31029
6939 31042
6939 34772
6939 38932
6939 39184
6939 39251
6939 42248
6939 51582
6939 5483
6939 6866
6939 8390
8075 12829
8075 13004
8075 25374
8075 28909
8075 29582
8075 29687
8075 31029
8075 31042
8075 34772
8075 38932
8075 39184
8075 39251
8075 42248
8075 51582
8075 5483
8075 6866
8075 8390
8262 12829
8262 13004
8262 25374
8262 28909
8262 29582
8262 29687
8262 31029
8262 31042
8262 34772
8262 38932
8262 39184
8262 39251
8262 42248
8262 51582
8262 5483
8262 6866
8262 8390
8390 10310
8390 1241
8390 12615
8390 12716
8390 12829
8390 12982
8390 13004
8390 13124
8390 13172
8390 13335
8390 15169
8390 197216
8390 198259
8390 200533
8390 204281
8390 206776
8390 20682
8390 20911
8390 20940
8390 24750
8390 24770
8390 25374
8390 28909
8390 29084
8390 29244
8390 29582
8390 29667
8390 29687
8390 31029
8390 31042
8390 31083
8390 31250
8390 31287
8390 31291
8390 31293
8390 31298
8390 3216
8390 32934
8390 34224
8390 34569
8390 34772
8390 34984
8390 35141
8390 35489
8390 35761
8390 3856
8390 38932
8390 39184
8390 39251
8390 41313
8390 42
8390 42248
8390 43205
8390 43561
8390 44217
8390 44814
8390 44901
8390 48115
8390 48452
8390 49737
8390 50866
8390 51555
8390 51582
8390 5483
8390 57344
8390 59620
8390 60447
8390 6507
8390 6866
8390 6939
8390 8075
8390 8262
8390 8431
8390 8717
8390 8860
8390 8866
8390 8932
8390 9070
8431 12829
8431 13004
8431 25374
8431 28909
8431 29582
8431 29687
8431 31029
8431 31042
8431 34772
8431 38932
8431 39184
8431 39251
8431 42248
8431 51582
8431 5483
8431 6866
8431 8390
8717 12829
8717 13004
8717 25374
8717 28909
8717 29582
8717 29687
8717 31029
8717 31042
8717 34772
8717 38932
8717 39184
8717 39251
8717 42248
8717 51582
8717 5483
8717 6866
8717 8390
8860 12829
8860 13004
8860 25374
8860 28909
8860 29582
8860 29687
8860 31029
8860 31042
8860 34772
8860 38932
8860 39184
8860 39251
8860 42248
8860 51582
8860 5483
8860 6866
8860 8390
8866 12829
8866 13004
8866 25374
8866 28909
8866 29582
8866 29687
8866 31029
8866 31042
8866 34772
8866 38932
8866 39184
8866 39251
8866 42248
8866 51582
8866 5483
8866 6866
8866 8390
8932 12829
8932 13004
8932 25374
8932 28909
8932 29582
8932 29687
8932 31029
8932 31042
8932 34772
8932 38932
8932 39184
8932 39251
8932 42248
8932 51582
8932 5483
8932 6866
8932 8390
9070 12829
9070 13004
9070 25374
9070 28909
9070 29582
9070 29687
9070 31029
9070 31042
9070 34772
9070 38932
9070 39184
9070 39251
9070 42248
9070 51582
9070 5483
9070 6866
9070 8390
