 10318
10318 
10318 10481
10318 10617
10318 11014
10318 11058
10318 11664
10318 11815
10318 13335
10318 14551
10318 15169
10318 16814
10318 18747
10318 19889
10318 20207
10318 22080
10318 262195
10318 262259
10318 263209
10318 263768
10318 263776
10318 263789
10318 263801
10318 263833
10318 26415
10318 264704
10318 264723
10318 264768
10318 264785
10318 264797
10318 264815
10318 265639
10318 265715
10318 265806
10318 266793
10318 27747
10318 27848
10318 27851
10318 27865
10318 27955
10318 27964
10318 27983
10318 27984
10318 27988
10318 28037
10318 28066
10318 28073
10318 28114
10318 32934
10318 3549
10318 36408
10318 3856
10318 42
10318 4270
10318 52236
10318 52251
10318 52275
10318 52290
10318 52300
10318 52339
10318 52348
10318 52363
10318 52376
10318 52381
10318 52409
10318 52431
10318 6057
10318 61470
10318 61487
10318 6507
10318 7005
10318 7049
10318 7908
10481 10318
10481 11664
10481 11815
10481 262231
10481 263776
10481 263800
10481 264675
10481 264704
10481 264797
10481 264831
10481 264832
10481 27851
10481 28073
10481 52381
10481 61487
10617 10318
10617 11664
10617 11815
10617 262231
10617 263776
10617 263800
10617 264675
10617 264704
10617 264797
10617 264831
10617 264832
10617 27851
10617 28073
10617 52381
10617 61487
11014 10318
11014 11664
11014 11815
11014 262231
11014 263776
11014 263800
11014 264675
11014 264704
11014 264797
11014 264831
11014 264832
11014 27851
11014 28073
11014 52381
11014 61487
11058 10318
11058 11664
11058 11815
11058 262231
11058 263776
11058 263800
11058 264675
11058 264704
11058 264797
11058 264831
11058 264832
11058 27851
11058 28073
11058 52381
11058 61487
 11664
11664 
11664 10318
11664 10481
11664 10617
11664 11014
11664 11058
11664 11815
11664 13335
11664 14551
11664 15169
11664 16814
11664 18747
11664 19889
11664 20207
11664 22080
11664 262195
11664 262231
11664 262259
11664 263209
11664 263768
11664 263776
11664 263789
11664 263800
11664 263801
11664 263833
11664 26415
11664 264675
11664 264704
11664 264723
11664 264768
11664 264785
11664 264797
11664 264815
11664 264831
11664 264832
11664 265639
11664 265715
11664 265806
11664 266793
11664 27747
11664 27848
11664 27851
11664 27865
11664 27955
11664 27964
11664 27983
11664 27984
11664 27988
11664 28037
11664 28066
11664 28073
11664 28114
11664 32934
11664 3549
11664 36408
11664 3856
11664 42
11664 4270
11664 52236
11664 52251
11664 52275
11664 52290
11664 52300
11664 52339
11664 52348
11664 52363
11664 52376
11664 52381
11664 52409
11664 52431
11664 6057
11664 61470
11664 61487
11664 6507
11664 7005
11664 7049
11664 7908
 11815
11815 
11815 10318
11815 10481
11815 10617
11815 11014
11815 11058
11815 11664
11815 13335
11815 14551
11815 15169
11815 16814
11815 18747
11815 19889
11815 20207
11815 22080
11815 262195
11815 262231
11815 262259
11815 263209
11815 263768
11815 263776
11815 263789
11815 263800
11815 263801
11815 263833
11815 26415
11815 264675
11815 264704
11815 264723
11815 264768
11815 264785
11815 264797
11815 264815
11815 264831
11815 264832
11815 265639
11815 265715
11815 265806
11815 266793
11815 27747
11815 27848
11815 27851
11815 27865
11815 27955
11815 27964
11815 27983
11815 27984
11815 27988
11815 28037
11815 28066
11815 28073
11815 28114
11815 32934
11815 3549
11815 36408
11815 3856
11815 42
11815 4270
11815 52236
11815 52251
11815 52275
11815 52290
11815 52300
11815 52339
11815 52348
11815 52363
11815 52376
11815 52381
11815 52409
11815 52431
11815 6057
11815 61470
11815 61487
11815 6507
11815 7005
11815 7049
11815 7908
13335 10318
13335 11664
13335 11815
13335 262231
13335 263776
13335 263800
13335 264675
13335 264704
13335 264797
13335 264831
13335 264832
13335 27851
13335 28073
13335 52381
13335 61487
14551 10318
14551 11664
14551 11815
14551 262231
14551 263776
14551 263800
14551 264675
14551 264704
14551 264797
14551 264831
14551 264832
14551 27851
14551 28073
14551 52381
14551 61487
15169 10318
15169 11664
15169 11815
15169 262231
15169 263776
15169 263800
15169 264675
15169 264704
15169 264797
15169 264831
15169 264832
15169 27851
15169 28073
15169 52381
15169 61487
16814 10318
16814 11664
16814 11815
16814 262231
16814 263776
16814 263800
16814 264675
16814 264704
16814 264797
16814 264831
16814 264832
16814 27851
16814 28073
16814 52381
16814 61487
18747 10318
18747 11664
18747 11815
18747 262231
18747 263776
18747 263800
18747 264675
18747 264704
18747 264797
18747 264831
18747 264832
18747 27851
18747 28073
18747 52381
18747 61487
19889 10318
19889 11664
19889 11815
19889 262231
19889 263776
19889 263800
19889 264675
19889 264704
19889 264797
19889 264831
19889 264832
19889 27851
19889 28073
19889 52381
19889 61487
20207 10318
20207 11664
20207 11815
20207 262231
20207 263776
20207 263800
20207 264675
20207 264704
20207 264797
20207 264831
20207 264832
20207 27851
20207 28073
20207 52381
20207 61487
22080 10318
22080 11664
22080 11815
22080 262231
22080 263776
22080 263800
22080 264675
22080 264704
22080 264797
22080 264831
22080 264832
22080 27851
22080 28073
22080 52381
22080 61487
262195 10318
262195 11664
262195 11815
262195 262231
262195 263776
262195 263800
262195 264675
262195 264704
262195 264797
262195 264831
262195 264832
262195 27851
262195 28073
262195 52381
262195 61487
 262231
262231 
262231 10481
262231 10617
262231 11014
262231 11058
262231 11664
262231 11815
262231 13335
262231 14551
262231 15169
262231 16814
262231 18747
262231 19889
262231 20207
262231 22080
262231 262195
262231 262259
262231 263209
262231 263768
262231 263776
262231 263789
262231 263801
262231 263833
262231 26415
262231 264704
262231 264723
262231 264768
262231 264785
262231 264797
262231 264815
262231 265639
262231 265715
262231 265806
262231 266793
262231 27747
262231 27848
262231 27851
262231 27865
262231 27955
262231 27964
262231 27983
262231 27984
262231 27988
262231 28037
262231 28066
262231 28073
262231 28114
262231 32934
262231 3549
262231 36408
262231 3856
262231 42
262231 4270
262231 52236
262231 52251
262231 52275
262231 52290
262231 52300
262231 52339
262231 52348
262231 52363
262231 52376
262231 52381
262231 52409
262231 52431
262231 6057
262231 61470
262231 61487
262231 6507
262231 7005
262231 7049
262231 7908
262259 10318
262259 11664
262259 11815
262259 262231
262259 263776
262259 263800
262259 264675
262259 264704
262259 264797
262259 264831
262259 264832
262259 27851
262259 28073
262259 52381
262259 61487
263209 10318
263209 11664
263209 11815
263209 262231
263209 263776
263209 263800
263209 264675
263209 264704
263209 264797
263209 264831
263209 264832
263209 27851
263209 28073
263209 52381
263209 61487
263768 10318
263768 11664
263768 11815
263768 262231
263768 263776
263768 263800
263768 264675
263768 264704
263768 264797
263768 264831
263768 264832
263768 27851
263768 28073
263768 52381
263768 61487
 263776
263776 
263776 10318
263776 10481
263776 10617
263776 11014
263776 11058
263776 11664
263776 11815
263776 13335
263776 14551
263776 15169
263776 16814
263776 18747
263776 19889
263776 20207
263776 22080
263776 262195
263776 262231
263776 262259
263776 263209
263776 263768
263776 263789
263776 263800
263776 263801
263776 263833
263776 26415
263776 264675
263776 264704
263776 264723
263776 264768
263776 264785
263776 264797
263776 264815
263776 264831
263776 264832
263776 265639
263776 265715
263776 265806
263776 266793
263776 27747
263776 27848
263776 27851
263776 27865
263776 27955
263776 27964
263776 27983
263776 27984
263776 27988
263776 28037
263776 28066
263776 28073
263776 28114
263776 32934
263776 3549
263776 36408
263776 3856
263776 42
263776 4270
263776 52236
263776 52251
263776 52275
263776 52290
263776 52300
263776 52339
263776 52348
263776 52363
263776 52376
263776 52381
263776 52409
263776 52431
263776 6057
263776 61470
263776 61487
263776 6507
263776 7005
263776 7049
263776 7908
263789 10318
263789 11664
263789 11815
263789 262231
263789 263776
263789 263800
263789 264675
263789 264704
263789 264797
263789 264831
263789 264832
263789 27851
263789 28073
263789 52381
263789 61487
 263800
263800 
263800 10481
263800 10617
263800 11014
263800 11058
263800 11664
263800 11815
263800 13335
263800 14551
263800 15169
263800 16814
263800 18747
263800 19889
263800 20207
263800 22080
263800 262195
263800 262259
263800 263209
263800 263768
263800 263776
263800 263789
263800 263801
263800 263833
263800 26415
263800 264704
263800 264723
263800 264768
263800 264785
263800 264797
263800 264815
263800 265639
263800 265715
263800 265806
263800 266793
263800 27747
263800 27848
263800 27851
263800 27865
263800 27955
263800 27964
263800 27983
263800 27984
263800 27988
263800 28037
263800 28066
263800 28073
263800 28114
263800 32934
263800 3549
263800 36408
263800 3856
263800 42
263800 4270
263800 52236
263800 52251
263800 52275
263800 52290
263800 52300
263800 52339
263800 52348
263800 52363
263800 52376
263800 52381
263800 52409
263800 52431
263800 6057
263800 61470
263800 61487
263800 6507
263800 7005
263800 7049
263800 7908
263801 10318
263801 11664
263801 11815
263801 262231
263801 263776
263801 263800
263801 264675
263801 264704
263801 264797
263801 264831
263801 264832
263801 27851
263801 28073
263801 52381
263801 61487
263833 10318
263833 11664
263833 11815
263833 262231
263833 263776
263833 263800
263833 264675
263833 264704
263833 264797
263833 264831
263833 264832
263833 27851
263833 28073
263833 52381
263833 61487
26415 10318
26415 11664
26415 11815
26415 262231
26415 263776
26415 263800
26415 264675
26415 264704
26415 264797
26415 264831
26415 264832
26415 27851
26415 28073
26415 52381
26415 61487
 264675
264675 
264675 10481
264675 10617
264675 11014
264675 11058
264675 11664
264675 11815
264675 13335
264675 14551
264675 15169
264675 16814
264675 18747
264675 19889
264675 20207
264675 22080
264675 262195
264675 262259
264675 263209
264675 263768
264675 263776
264675 263789
264675 263801
264675 263833
264675 26415
264675 264704
264675 264723
264675 264768
264675 264785
264675 264797
264675 264815
264675 265639
264675 265715
264675 265806
264675 266793
264675 27747
264675 27848
264675 27851
264675 27865
264675 27955
264675 27964
264675 27983
264675 27984
264675 27988
264675 28037
264675 28066
264675 28073
264675 28114
264675 32934
264675 3549
264675 36408
264675 3856
264675 42
264675 4270
264675 52236
264675 52251
264675 52275
264675 52290
264675 52300
264675 52339
264675 52348
264675 52363
264675 52376
264675 52381
264675 52409
264675 52431
264675 6057
264675 61470
264675 61487
264675 6507
264675 7005
264675 7049
264675 7908
 264704
264704 
264704 10318
264704 10481
264704 10617
264704 11014
264704 11058
264704 11664
264704 11815
264704 13335
264704 14551
264704 15169
264704 16814
264704 18747
264704 19889
264704 20207
264704 22080
264704 262195
264704 262231
264704 262259
264704 263209
264704 263768
264704 263776
264704 263789
264704 263800
264704 263801
264704 263833
264704 26415
264704 264675
264704 264723
264704 264768
264704 264785
264704 264797
264704 264815
264704 264831
264704 264832
264704 265639
264704 265715
264704 265806
264704 266793
264704 27747
264704 27848
264704 27851
264704 27865
264704 27955
264704 27964
264704 27983
264704 27984
264704 27988
264704 28037
264704 28066
264704 28073
264704 28114
264704 32934
264704 3549
264704 36408
264704 3856
264704 42
264704 4270
264704 52236
264704 52251
264704 52275
264704 52290
264704 52300
264704 52339
264704 52348
264704 52363
264704 52376
264704 52381
264704 52409
264704 52431
264704 6057
264704 61470
264704 61487
264704 6507
264704 7005
264704 7049
264704 7908
264723 10318
264723 11664
264723 11815
264723 262231
264723 263776
264723 263800
264723 264675
264723 264704
264723 264797
264723 264831
264723 264832
264723 27851
264723 28073
264723 52381
264723 61487
264768 10318
264768 11664
264768 11815
264768 262231
264768 263776
264768 263800
264768 264675
264768 264704
264768 264797
264768 264831
264768 264832
264768 27851
264768 28073
264768 52381
264768 61487
264785 10318
264785 11664
264785 11815
264785 262231
264785 263776
264785 263800
264785 264675
264785 264704
264785 264797
264785 264831
264785 264832
264785 27851
264785 28073
264785 52381
264785 61487
 264797
264797 
264797 10318
264797 10481
264797 10617
264797 11014
264797 11058
264797 11664
264797 11815
264797 13335
264797 14551
264797 15169
264797 16814
264797 18747
264797 19889
264797 20207
264797 22080
264797 262195
264797 262231
264797 262259
264797 263209
264797 263768
264797 263776
264797 263789
264797 263800
264797 263801
264797 263833
264797 26415
264797 264675
264797 264704
264797 264723
264797 264768
264797 264785
264797 264815
264797 264831
264797 264832
264797 265639
264797 265715
264797 265806
264797 266793
264797 27747
264797 27848
264797 27851
264797 27865
264797 27955
264797 27964
264797 27983
264797 27984
264797 27988
264797 28037
264797 28066
264797 28073
264797 28114
264797 32934
264797 3549
264797 36408
264797 3856
264797 42
264797 4270
264797 52236
264797 52251
264797 52275
264797 52290
264797 52300
264797 52339
264797 52348
264797 52363
264797 52376
264797 52381
264797 52409
264797 52431
264797 6057
264797 61470
264797 61487
264797 6507
264797 7005
264797 7049
264797 7908
264815 10318
264815 11664
264815 11815
264815 262231
264815 263776
264815 263800
264815 264675
264815 264704
264815 264797
264815 264831
264815 264832
264815 27851
264815 28073
264815 52381
264815 61487
 264831
264831 
264831 10481
264831 10617
264831 11014
264831 11058
264831 11664
264831 11815
264831 13335
264831 14551
264831 15169
264831 16814
264831 18747
264831 19889
264831 20207
264831 22080
264831 262195
264831 262259
264831 263209
264831 263768
264831 263776
264831 263789
264831 263801
264831 263833
264831 26415
264831 264704
264831 264723
264831 264768
264831 264785
264831 264797
264831 264815
264831 265639
264831 265715
264831 265806
264831 266793
264831 27747
264831 27848
264831 27851
264831 27865
264831 27955
264831 27964
264831 27983
264831 27984
264831 27988
264831 28037
264831 28066
264831 28073
264831 28114
264831 32934
264831 3549
264831 36408
264831 3856
264831 42
264831 4270
264831 52236
264831 52251
264831 52275
264831 52290
264831 52300
264831 52339
264831 52348
264831 52363
264831 52376
264831 52381
264831 52409
264831 52431
264831 6057
264831 61470
264831 61487
264831 6507
264831 7005
264831 7049
264831 7908
 264832
264832 
264832 10481
264832 10617
264832 11014
264832 11058
264832 11664
264832 11815
264832 13335
264832 14551
264832 15169
264832 16814
264832 18747
264832 19889
264832 20207
264832 22080
264832 262195
264832 262259
264832 263209
264832 263768
264832 263776
264832 263789
264832 263801
264832 263833
264832 26415
264832 264704
264832 264723
264832 264768
264832 264785
264832 264797
264832 264815
264832 265639
264832 265715
264832 265806
264832 266793
264832 27747
264832 27848
264832 27851
264832 27865
264832 27955
264832 27964
264832 27983
264832 27984
264832 27988
264832 28037
264832 28066
264832 28073
264832 28114
264832 32934
264832 3549
264832 36408
264832 3856
264832 42
264832 4270
264832 52236
264832 52251
264832 52275
264832 52290
264832 52300
264832 52339
264832 52348
264832 52363
264832 52376
264832 52381
264832 52409
264832 52431
264832 6057
264832 61470
264832 61487
264832 6507
264832 7005
264832 7049
264832 7908
265639 10318
265639 11664
265639 11815
265639 262231
265639 263776
265639 263800
265639 264675
265639 264704
265639 264797
265639 264831
265639 264832
265639 27851
265639 28073
265639 52381
265639 61487
265715 10318
265715 11664
265715 11815
265715 262231
265715 263776
265715 263800
265715 264675
265715 264704
265715 264797
265715 264831
265715 264832
265715 27851
265715 28073
265715 52381
265715 61487
265806 10318
265806 11664
265806 11815
265806 262231
265806 263776
265806 263800
265806 264675
265806 264704
265806 264797
265806 264831
265806 264832
265806 27851
265806 28073
265806 52381
265806 61487
266793 10318
266793 11664
266793 11815
266793 262231
266793 263776
266793 263800
266793 264675
266793 264704
266793 264797
266793 264831
266793 264832
266793 27851
266793 28073
266793 52381
266793 61487
27747 10318
27747 11664
27747 11815
27747 262231
27747 263776
27747 263800
27747 264675
27747 264704
27747 264797
27747 264831
27747 264832
27747 27851
27747 28073
27747 52381
27747 61487
27848 10318
27848 11664
27848 11815
27848 262231
27848 263776
27848 263800
27848 264675
27848 264704
27848 264797
27848 264831
27848 264832
27848 27851
27848 28073
27848 52381
27848 61487
 27851
27851 
27851 10318
27851 10481
27851 10617
27851 11014
27851 11058
27851 11664
27851 11815
27851 13335
27851 14551
27851 15169
27851 16814
27851 18747
27851 19889
27851 20207
27851 22080
27851 262195
27851 262231
27851 262259
27851 263209
27851 263768
27851 263776
27851 263789
27851 263800
27851 263801
27851 263833
27851 26415
27851 264675
27851 264704
27851 264723
27851 264768
27851 264785
27851 264797
27851 264815
27851 264831
27851 264832
27851 265639
27851 265715
27851 265806
27851 266793
27851 27747
27851 27848
27851 27865
27851 27955
27851 27964
27851 27983
27851 27984
27851 27988
27851 28037
27851 28066
27851 28073
27851 28114
27851 32934
27851 3549
27851 36408
27851 3856
27851 42
27851 4270
27851 52236
27851 52251
27851 52275
27851 52290
27851 52300
27851 52339
27851 52348
27851 52363
27851 52376
27851 52381
27851 52409
27851 52431
27851 6057
27851 61470
27851 61487
27851 6507
27851 7005
27851 7049
27851 7908
27865 10318
27865 11664
27865 11815
27865 262231
27865 263776
27865 263800
27865 264675
27865 264704
27865 264797
27865 264831
27865 264832
27865 27851
27865 28073
27865 52381
27865 61487
27955 10318
27955 11664
27955 11815
27955 262231
27955 263776
27955 263800
27955 264675
27955 264704
27955 264797
27955 264831
27955 264832
27955 27851
27955 28073
27955 52381
27955 61487
27964 10318
27964 11664
27964 11815
27964 262231
27964 263776
27964 263800
27964 264675
27964 264704
27964 264797
27964 264831
27964 264832
27964 27851
27964 28073
27964 52381
27964 61487
27983 10318
27983 11664
27983 11815
27983 262231
27983 263776
27983 263800
27983 264675
27983 264704
27983 264797
27983 264831
27983 264832
27983 27851
27983 28073
27983 52381
27983 61487
27984 10318
27984 11664
27984 11815
27984 262231
27984 263776
27984 263800
27984 264675
27984 264704
27984 264797
27984 264831
27984 264832
27984 27851
27984 28073
27984 52381
27984 61487
27988 10318
27988 11664
27988 11815
27988 262231
27988 263776
27988 263800
27988 264675
27988 264704
27988 264797
27988 264831
27988 264832
27988 27851
27988 28073
27988 52381
27988 61487
28037 10318
28037 11664
28037 11815
28037 262231
28037 263776
28037 263800
28037 264675
28037 264704
28037 264797
28037 264831
28037 264832
28037 27851
28037 28073
28037 52381
28037 61487
28066 10318
28066 11664
28066 11815
28066 262231
28066 263776
28066 263800
28066 264675
28066 264704
28066 264797
28066 264831
28066 264832
28066 27851
28066 28073
28066 52381
28066 61487
 28073
28073 
28073 10318
28073 10481
28073 10617
28073 11014
28073 11058
28073 11664
28073 11815
28073 13335
28073 14551
28073 15169
28073 16814
28073 18747
28073 19889
28073 20207
28073 22080
28073 262195
28073 262231
28073 262259
28073 263209
28073 263768
28073 263776
28073 263789
28073 263800
28073 263801
28073 263833
28073 26415
28073 264675
28073 264704
28073 264723
28073 264768
28073 264785
28073 264797
28073 264815
28073 264831
28073 264832
28073 265639
28073 265715
28073 265806
28073 266793
28073 27747
28073 27848
28073 27851
28073 27865
28073 27955
28073 27964
28073 27983
28073 27984
28073 27988
28073 28037
28073 28066
28073 28114
28073 32934
28073 3549
28073 36408
28073 3856
28073 42
28073 4270
28073 52236
28073 52251
28073 52275
28073 52290
28073 52300
28073 52339
28073 52348
28073 52363
28073 52376
28073 52381
28073 52409
28073 52431
28073 6057
28073 61470
28073 61487
28073 6507
28073 7005
28073 7049
28073 7908
28114 10318
28114 11664
28114 11815
28114 262231
28114 263776
28114 263800
28114 264675
28114 264704
28114 264797
28114 264831
28114 264832
28114 27851
28114 28073
28114 52381
28114 61487
32934 10318
32934 11664
32934 11815
32934 262231
32934 263776
32934 263800
32934 264675
32934 264704
32934 264797
32934 264831
32934 264832
32934 27851
32934 28073
32934 52381
32934 61487
3549 10318
3549 11664
3549 11815
3549 262231
3549 263776
3549 263800
3549 264675
3549 264704
3549 264797
3549 264831
3549 264832
3549 27851
3549 28073
3549 52381
3549 61487
36408 10318
36408 11664
36408 11815
36408 262231
36408 263776
36408 263800
36408 264675
36408 264704
36408 264797
36408 264831
36408 264832
36408 27851
36408 28073
36408 52381
36408 61487
3856 10318
3856 11664
3856 11815
3856 262231
3856 263776
3856 263800
3856 264675
3856 264704
3856 264797
3856 264831
3856 264832
3856 27851
3856 28073
3856 52381
3856 61487
42 10318
42 11664
42 11815
42 262231
42 263776
42 263800
42 264675
42 264704
42 264797
42 264831
42 264832
42 27851
42 28073
42 52381
42 61487
4270 10318
4270 11664
4270 11815
4270 262231
4270 263776
4270 263800
4270 264675
4270 264704
4270 264797
4270 264831
4270 264832
4270 27851
4270 28073
4270 52381
4270 61487
52236 10318
52236 11664
52236 11815
52236 262231
52236 263776
52236 263800
52236 264675
52236 264704
52236 264797
52236 264831
52236 264832
52236 27851
52236 28073
52236 52381
52236 61487
52251 10318
52251 11664
52251 11815
52251 262231
52251 263776
52251 263800
52251 264675
52251 264704
52251 264797
52251 264831
52251 264832
52251 27851
52251 28073
52251 52381
52251 61487
52275 10318
52275 11664
52275 11815
52275 262231
52275 263776
52275 263800
52275 264675
52275 264704
52275 264797
52275 264831
52275 264832
52275 27851
52275 28073
52275 52381
52275 61487
52290 10318
52290 11664
52290 11815
52290 262231
52290 263776
52290 263800
52290 264675
52290 264704
52290 264797
52290 264831
52290 264832
52290 27851
52290 28073
52290 52381
52290 61487
52300 10318
52300 11664
52300 11815
52300 262231
52300 263776
52300 263800
52300 264675
52300 264704
52300 264797
52300 264831
52300 264832
52300 27851
52300 28073
52300 52381
52300 61487
52339 10318
52339 11664
52339 11815
52339 262231
52339 263776
52339 263800
52339 264675
52339 264704
52339 264797
52339 264831
52339 264832
52339 27851
52339 28073
52339 52381
52339 61487
52348 10318
52348 11664
52348 11815
52348 262231
52348 263776
52348 263800
52348 264675
52348 264704
52348 264797
52348 264831
52348 264832
52348 27851
52348 28073
52348 52381
52348 61487
52363 10318
52363 11664
52363 11815
52363 262231
52363 263776
52363 263800
52363 264675
52363 264704
52363 264797
52363 264831
52363 264832
52363 27851
52363 28073
52363 52381
52363 61487
52376 10318
52376 11664
52376 11815
52376 262231
52376 263776
52376 263800
52376 264675
52376 264704
52376 264797
52376 264831
52376 264832
52376 27851
52376 28073
52376 52381
52376 61487
 52381
52381 
52381 10318
52381 10481
52381 10617
52381 11014
52381 11058
52381 11664
52381 11815
52381 13335
52381 14551
52381 15169
52381 16814
52381 18747
52381 19889
52381 20207
52381 22080
52381 262195
52381 262231
52381 262259
52381 263209
52381 263768
52381 263776
52381 263789
52381 263800
52381 263801
52381 263833
52381 26415
52381 264675
52381 264704
52381 264723
52381 264768
52381 264785
52381 264797
52381 264815
52381 264831
52381 264832
52381 265639
52381 265715
52381 265806
52381 266793
52381 27747
52381 27848
52381 27851
52381 27865
52381 27955
52381 27964
52381 27983
52381 27984
52381 27988
52381 28037
52381 28066
52381 28073
52381 28114
52381 32934
52381 3549
52381 36408
52381 3856
52381 42
52381 4270
52381 52236
52381 52251
52381 52275
52381 52290
52381 52300
52381 52339
52381 52348
52381 52363
52381 52376
52381 52409
52381 52431
52381 6057
52381 61470
52381 61487
52381 6507
52381 7005
52381 7049
52381 7908
52409 10318
52409 11664
52409 11815
52409 262231
52409 263776
52409 263800
52409 264675
52409 264704
52409 264797
52409 264831
52409 264832
52409 27851
52409 28073
52409 52381
52409 61487
52431 10318
52431 11664
52431 11815
52431 262231
52431 263776
52431 263800
52431 264675
52431 264704
52431 264797
52431 264831
52431 264832
52431 27851
52431 28073
52431 52381
52431 61487
6057 10318
6057 11664
6057 11815
6057 262231
6057 263776
6057 263800
6057 264675
6057 264704
6057 264797
6057 264831
6057 264832
6057 27851
6057 28073
6057 52381
6057 61487
61470 10318
61470 11664
61470 11815
61470 262231
61470 263776
61470 263800
61470 264675
61470 264704
61470 264797
61470 264831
61470 264832
61470 27851
61470 28073
61470 52381
61470 61487
 61487
61487 
61487 10318
61487 10481
61487 10617
61487 11014
61487 11058
61487 11664
61487 11815
61487 13335
61487 14551
61487 15169
61487 16814
61487 18747
61487 19889
61487 20207
61487 22080
61487 262195
61487 262231
61487 262259
61487 263209
61487 263768
61487 263776
61487 263789
61487 263800
61487 263801
61487 263833
61487 26415
61487 264675
61487 264704
61487 264723
61487 264768
61487 264785
61487 264797
61487 264815
61487 264831
61487 264832
61487 265639
61487 265715
61487 265806
61487 266793
61487 27747
61487 27848
61487 27851
61487 27865
61487 27955
61487 27964
61487 27983
61487 27984
61487 27988
61487 28037
61487 28066
61487 28073
61487 28114
61487 32934
61487 3549
61487 36408
61487 3856
61487 42
61487 4270
61487 52236
61487 52251
61487 52275
61487 52290
61487 52300
61487 52339
61487 52348
61487 52363
61487 52376
61487 52381
61487 52409
61487 52431
61487 6057
61487 61470
61487 6507
61487 7005
61487 7049
61487 7908
6507 10318
6507 11664
6507 11815
6507 262231
6507 263776
6507 263800
6507 264675
6507 264704
6507 264797
6507 264831
6507 264832
6507 27851
6507 28073
6507 52381
6507 61487
7005 10318
7005 11664
7005 11815
7005 262231
7005 263776
7005 263800
7005 264675
7005 264704
7005 264797
7005 264831
7005 264832
7005 27851
7005 28073
7005 52381
7005 61487
7049 10318
7049 11664
7049 11815
7049 262231
7049 263776
7049 263800
7049 264675
7049 264704
7049 264797
7049 264831
7049 264832
7049 27851
7049 28073
7049 52381
7049 61487
7908 10318
7908 11664
7908 11815
7908 262231
7908 263776
7908 263800
7908 264675
7908 264704
7908 264797
7908 264831
7908 264832
7908 27851
7908 28073
7908 52381
7908 61487
