12386 12479
12386 12541
12386 15169
12386 2914
12386 3262
12386 4589
12386 6752
12386 766
12386 8220
12430 12479
12430 12541
12430 15169
12430 2914
12430 3262
12430 4589
12430 6752
12430 766
12430 8220
12479 12386
12479 12430
12479 12541
12479 12654
12479 12715
12479 13041
12479 13335
12479 15169
12479 15699
12479 15732
12479 15734
12479 16030
12479 16371
12479 199496
12479 20001
12479 20940
12479 24592
12479 26415
12479 2914
12479 29518
12479 29680
12479 30892
12479 31479
12479 31653
12479 3262
12479 33072
12479 35699
12479 39551
12479 43578
12479 4589
12479 49638
12479 49835
12479 60082
12479 60314
12479 60458
12479 6752
12479 6939
12479 766
12479 8075
12479 8220
12479 8426
12479 N   
12541 12386
12541 12430
12541 12479
12541 12654
12541 12715
12541 13041
12541 13335
12541 15169
12541 15699
12541 15732
12541 15734
12541 16030
12541 16371
12541 199496
12541 20001
12541 20940
12541 24592
12541 26415
12541 2914
12541 29518
12541 29680
12541 30892
12541 31479
12541 31653
12541 3262
12541 33072
12541 35699
12541 39551
12541 43578
12541 4589
12541 49638
12541 49835
12541 60082
12541 60314
12541 60458
12541 6752
12541 6939
12541 766
12541 8075
12541 8220
12541 8426
12541 N   
12654 12479
12654 12541
12654 15169
12654 2914
12654 3262
12654 4589
12654 6752
12654 766
12654 8220
12715 12479
12715 12541
12715 15169
12715 2914
12715 3262
12715 4589
12715 6752
12715 766
12715 8220
13041 12479
13041 12541
13041 15169
13041 2914
13041 3262
13041 4589
13041 6752
13041 766
13041 8220
13335 12479
13335 12541
13335 15169
13335 2914
13335 3262
13335 4589
13335 6752
13335 766
13335 8220
15169 12386
15169 12430
15169 12479
15169 12541
15169 12654
15169 12715
15169 13041
15169 13335
15169 15699
15169 15732
15169 15734
15169 16030
15169 16371
15169 199496
15169 20001
15169 20940
15169 24592
15169 26415
15169 2914
15169 29518
15169 29680
15169 30892
15169 31479
15169 31653
15169 3262
15169 33072
15169 35699
15169 39551
15169 43578
15169 4589
15169 49638
15169 49835
15169 60082
15169 60314
15169 60458
15169 6752
15169 6939
15169 766
15169 8075
15169 8220
15169 8426
15169 N   
15699 12479
15699 12541
15699 15169
15699 2914
15699 3262
15699 4589
15699 6752
15699 766
15699 8220
15732 12479
15732 12541
15732 15169
15732 2914
15732 3262
15732 4589
15732 6752
15732 766
15732 8220
15734 12479
15734 12541
15734 15169
15734 2914
15734 3262
15734 4589
15734 6752
15734 766
15734 8220
16030 12479
16030 12541
16030 15169
16030 2914
16030 3262
16030 4589
16030 6752
16030 766
16030 8220
16371 12479
16371 12541
16371 15169
16371 2914
16371 3262
16371 4589
16371 6752
16371 766
16371 8220
199496 12479
199496 12541
199496 15169
199496 2914
199496 3262
199496 4589
199496 6752
199496 766
199496 8220
20001 12479
20001 12541
20001 15169
20001 2914
20001 3262
20001 4589
20001 6752
20001 766
20001 8220
20940 12479
20940 12541
20940 15169
20940 2914
20940 3262
20940 4589
20940 6752
20940 766
20940 8220
24592 12479
24592 12541
24592 15169
24592 2914
24592 3262
24592 4589
24592 6752
24592 766
24592 8220
26415 12479
26415 12541
26415 15169
26415 2914
26415 3262
26415 4589
26415 6752
26415 766
26415 8220
2914 12386
2914 12430
2914 12479
2914 12541
2914 12654
2914 12715
2914 13041
2914 13335
2914 15169
2914 15699
2914 15732
2914 15734
2914 16030
2914 16371
2914 199496
2914 20001
2914 20940
2914 24592
2914 26415
2914 29518
2914 29680
2914 30892
2914 31479
2914 31653
2914 3262
2914 33072
2914 35699
2914 39551
2914 43578
2914 4589
2914 49638
2914 49835
2914 60082
2914 60314
2914 60458
2914 6752
2914 6939
2914 766
2914 8075
2914 8220
2914 8426
2914 N   
29518 12479
29518 12541
29518 15169
29518 2914
29518 3262
29518 4589
29518 6752
29518 766
29518 8220
29680 12479
29680 12541
29680 15169
29680 2914
29680 3262
29680 4589
29680 6752
29680 766
29680 8220
30892 12479
30892 12541
30892 15169
30892 2914
30892 3262
30892 4589
30892 6752
30892 766
30892 8220
31479 12479
31479 12541
31479 15169
31479 2914
31479 3262
31479 4589
31479 6752
31479 766
31479 8220
31653 12479
31653 12541
31653 15169
31653 2914
31653 3262
31653 4589
31653 6752
31653 766
31653 8220
3262 12386
3262 12430
3262 12479
3262 12541
3262 12654
3262 12715
3262 13041
3262 13335
3262 15169
3262 15699
3262 15732
3262 15734
3262 16030
3262 16371
3262 199496
3262 20001
3262 20940
3262 24592
3262 26415
3262 2914
3262 29518
3262 29680
3262 30892
3262 31479
3262 31653
3262 33072
3262 35699
3262 39551
3262 43578
3262 4589
3262 49638
3262 49835
3262 60082
3262 60314
3262 60458
3262 6752
3262 6939
3262 766
3262 8075
3262 8220
3262 8426
3262 N   
33072 12479
33072 12541
33072 15169
33072 2914
33072 3262
33072 4589
33072 6752
33072 766
33072 8220
35699 12479
35699 12541
35699 15169
35699 2914
35699 3262
35699 4589
35699 6752
35699 766
35699 8220
39551 12479
39551 12541
39551 15169
39551 2914
39551 3262
39551 4589
39551 6752
39551 766
39551 8220
43578 12479
43578 12541
43578 15169
43578 2914
43578 3262
43578 4589
43578 6752
43578 766
43578 8220
4589 12386
4589 12430
4589 12479
4589 12541
4589 12654
4589 12715
4589 13041
4589 13335
4589 15169
4589 15699
4589 15732
4589 15734
4589 16030
4589 16371
4589 199496
4589 20001
4589 20940
4589 24592
4589 26415
4589 2914
4589 29518
4589 29680
4589 30892
4589 31479
4589 31653
4589 3262
4589 33072
4589 35699
4589 39551
4589 43578
4589 49638
4589 49835
4589 60082
4589 60314
4589 60458
4589 6752
4589 6939
4589 766
4589 8075
4589 8220
4589 8426
4589 N   
49638 12479
49638 12541
49638 15169
49638 2914
49638 3262
49638 4589
49638 6752
49638 766
49638 8220
49835 12479
49835 12541
49835 15169
49835 2914
49835 3262
49835 4589
49835 6752
49835 766
49835 8220
60082 12479
60082 12541
60082 15169
60082 2914
60082 3262
60082 4589
60082 6752
60082 766
60082 8220
60314 12479
60314 12541
60314 15169
60314 2914
60314 3262
60314 4589
60314 6752
60314 766
60314 8220
60458 12479
60458 12541
60458 15169
60458 2914
60458 3262
60458 4589
60458 6752
60458 766
60458 8220
6752 12386
6752 12430
6752 12479
6752 12541
6752 12654
6752 12715
6752 13041
6752 13335
6752 15169
6752 15699
6752 15732
6752 15734
6752 16030
6752 16371
6752 199496
6752 20001
6752 20940
6752 24592
6752 26415
6752 2914
6752 29518
6752 29680
6752 30892
6752 31479
6752 31653
6752 3262
6752 33072
6752 35699
6752 39551
6752 43578
6752 4589
6752 49638
6752 49835
6752 60082
6752 60314
6752 60458
6752 6939
6752 766
6752 8075
6752 8220
6752 8426
6752 N   
6939 12479
6939 12541
6939 15169
6939 2914
6939 3262
6939 4589
6939 6752
6939 766
6939 8220
766 12386
766 12430
766 12479
766 12541
766 12654
766 12715
766 13041
766 13335
766 15169
766 15699
766 15732
766 15734
766 16030
766 16371
766 199496
766 20001
766 20940
766 24592
766 26415
766 2914
766 29518
766 29680
766 30892
766 31479
766 31653
766 3262
766 33072
766 35699
766 39551
766 43578
766 4589
766 49638
766 49835
766 60082
766 60314
766 60458
766 6752
766 6939
766 8075
766 8220
766 8426
766 N   
8075 12479
8075 12541
8075 15169
8075 2914
8075 3262
8075 4589
8075 6752
8075 766
8075 8220
8220 12386
8220 12430
8220 12479
8220 12541
8220 12654
8220 12715
8220 13041
8220 13335
8220 15169
8220 15699
8220 15732
8220 15734
8220 16030
8220 16371
8220 199496
8220 20001
8220 20940
8220 24592
8220 26415
8220 2914
8220 29518
8220 29680
8220 30892
8220 31479
8220 31653
8220 3262
8220 33072
8220 35699
8220 39551
8220 43578
8220 4589
8220 49638
8220 49835
8220 60082
8220 60314
8220 60458
8220 6752
8220 6939
8220 766
8220 8075
8220 8426
8220 N   
8426 12479
8426 12541
8426 15169
8426 2914
8426 3262
8426 4589
8426 6752
8426 766
8426 8220
N    12479
N    12541
N    15169
N    2914
N    3262
N    4589
N    6752
N    766
N    8220
