10217 131706
10217 131711
10217 131717
10217 131749
10217 131755
10217 131767
10217 131769
10217 132164
10217 133352
10217 133804
10217 133811
10217 133819
10217 133838
10217 134622
10217 134643
10217 134651
10217 135439
10217 135484
10217 136119
10217 136127
10217 136821
10217 136840
10217 137295
10217 17451
10217 17538
10217 17670
10217 17671
10217 18393
10217 23693
10217 23699
10217 23947
10217 23948
10217 23951
10217 23953
10217 24204
10217 24523
10217 24528
10217 24529
10217 24532
10217 24534
10217 24535
10217 38147
10217 38148
10217 38156
10217 38496
10217 38501
10217 38522
10217 38524
10217 38753
10217 38768
10217 38770
10217 38896
10217 42
10217 45298
10217 45302
10217 45710
10217 45716
10217 45731
10217 45786
10217 46023
10217 4787
10217 4795
10217 4800
10217 4833
10217 4855
10217 55653
10217 55663
10217 55666
10217 55685
10217 55687
10217 55699
10217 58376
10217 58379
10217 58404
10217 58474
10217 58482
10217 58487
10217 58495
10217 58514
10217 58815
10217 59139
10217 59147
10217 59149
10217 59155
10217 59158
10217 59285
10217 63490
10217 63501
10217 7597
10217 9326
10217 9785
10217 9875
 131706
131706 
131706 10217
131706 131758
131706 133812
131706 135484
131706 136879
131706 17451
131706 18103
131706 20940
131706 23693
131706 23756
131706 24195
131706 24521
131706 3856
131706 42
131706 45102
131706 45707
131706 55666
131706 55685
131706 55699
131706 58381
131706 63859
131706 64315
131706 7597
131706 7713
 131711
131711 
131711 10217
131711 131758
131711 133812
131711 135484
131711 136879
131711 17451
131711 18103
131711 20940
131711 23693
131711 23756
131711 24195
131711 24521
131711 3856
131711 42
131711 45102
131711 45707
131711 55666
131711 55685
131711 55699
131711 58381
131711 63859
131711 64315
131711 7597
131711 7713
 131717
131717 
131717 10217
131717 131758
131717 133812
131717 135484
131717 136879
131717 17451
131717 18103
131717 20940
131717 23693
131717 23756
131717 24195
131717 24521
131717 3856
131717 42
131717 45102
131717 45707
131717 55666
131717 55685
131717 55699
131717 58381
131717 63859
131717 64315
131717 7597
131717 7713
 131749
131749 
131749 10217
131749 131758
131749 133812
131749 135484
131749 136879
131749 17451
131749 18103
131749 20940
131749 23693
131749 23756
131749 24195
131749 24521
131749 3856
131749 42
131749 45102
131749 45707
131749 55666
131749 55685
131749 55699
131749 58381
131749 63859
131749 64315
131749 7597
131749 7713
 131755
131755 
131755 10217
131755 131758
131755 133812
131755 135484
131755 136879
131755 17451
131755 18103
131755 20940
131755 23693
131755 23756
131755 24195
131755 24521
131755 3856
131755 42
131755 45102
131755 45707
131755 55666
131755 55685
131755 55699
131755 58381
131755 63859
131755 64315
131755 7597
131755 7713
131758 131706
131758 131711
131758 131717
131758 131749
131758 131755
131758 131767
131758 131769
131758 132164
131758 133352
131758 133804
131758 133811
131758 133819
131758 133838
131758 134622
131758 134643
131758 134651
131758 135439
131758 135484
131758 136119
131758 136127
131758 136821
131758 136840
131758 137295
131758 17451
131758 17538
131758 17670
131758 17671
131758 18393
131758 23693
131758 23699
131758 23947
131758 23948
131758 23951
131758 23953
131758 24204
131758 24523
131758 24528
131758 24529
131758 24532
131758 24534
131758 24535
131758 38147
131758 38148
131758 38156
131758 38496
131758 38501
131758 38522
131758 38524
131758 38753
131758 38768
131758 38770
131758 38896
131758 42
131758 45298
131758 45302
131758 45710
131758 45716
131758 45731
131758 45786
131758 46023
131758 4787
131758 4795
131758 4800
131758 4833
131758 4855
131758 55653
131758 55663
131758 55666
131758 55685
131758 55687
131758 55699
131758 58376
131758 58379
131758 58404
131758 58474
131758 58482
131758 58487
131758 58495
131758 58514
131758 58815
131758 59139
131758 59147
131758 59149
131758 59155
131758 59158
131758 59285
131758 63490
131758 63501
131758 7597
131758 9326
131758 9785
131758 9875
 131767
131767 
131767 10217
131767 131758
131767 133812
131767 135484
131767 136879
131767 17451
131767 18103
131767 20940
131767 23693
131767 23756
131767 24195
131767 24521
131767 3856
131767 42
131767 45102
131767 45707
131767 55666
131767 55685
131767 55699
131767 58381
131767 63859
131767 64315
131767 7597
131767 7713
 131769
131769 
131769 10217
131769 131758
131769 133812
131769 135484
131769 136879
131769 17451
131769 18103
131769 20940
131769 23693
131769 23756
131769 24195
131769 24521
131769 3856
131769 42
131769 45102
131769 45707
131769 55666
131769 55685
131769 55699
131769 58381
131769 63859
131769 64315
131769 7597
131769 7713
 132164
132164 
132164 10217
132164 131758
132164 133812
132164 135484
132164 136879
132164 17451
132164 18103
132164 20940
132164 23693
132164 23756
132164 24195
132164 24521
132164 3856
132164 42
132164 45102
132164 45707
132164 55666
132164 55685
132164 55699
132164 58381
132164 63859
132164 64315
132164 7597
132164 7713
 133352
133352 
133352 10217
133352 131758
133352 133812
133352 135484
133352 136879
133352 17451
133352 18103
133352 20940
133352 23693
133352 23756
133352 24195
133352 24521
133352 3856
133352 42
133352 45102
133352 45707
133352 55666
133352 55685
133352 55699
133352 58381
133352 63859
133352 64315
133352 7597
133352 7713
 133804
133804 
133804 10217
133804 131758
133804 133812
133804 135484
133804 136879
133804 17451
133804 18103
133804 20940
133804 23693
133804 23756
133804 24195
133804 24521
133804 3856
133804 42
133804 45102
133804 45707
133804 55666
133804 55685
133804 55699
133804 58381
133804 63859
133804 64315
133804 7597
133804 7713
 133811
133811 
133811 10217
133811 131758
133811 133812
133811 135484
133811 136879
133811 17451
133811 18103
133811 20940
133811 23693
133811 23756
133811 24195
133811 24521
133811 3856
133811 42
133811 45102
133811 45707
133811 55666
133811 55685
133811 55699
133811 58381
133811 63859
133811 64315
133811 7597
133811 7713
133812 131706
133812 131711
133812 131717
133812 131749
133812 131755
133812 131767
133812 131769
133812 132164
133812 133352
133812 133804
133812 133811
133812 133819
133812 133838
133812 134622
133812 134643
133812 134651
133812 135439
133812 135484
133812 136119
133812 136127
133812 136821
133812 136840
133812 137295
133812 17451
133812 17538
133812 17670
133812 17671
133812 18393
133812 23693
133812 23699
133812 23947
133812 23948
133812 23951
133812 23953
133812 24204
133812 24523
133812 24528
133812 24529
133812 24532
133812 24534
133812 24535
133812 38147
133812 38148
133812 38156
133812 38496
133812 38501
133812 38522
133812 38524
133812 38753
133812 38768
133812 38770
133812 38896
133812 42
133812 45298
133812 45302
133812 45710
133812 45716
133812 45731
133812 45786
133812 46023
133812 4787
133812 4795
133812 4800
133812 4833
133812 4855
133812 55653
133812 55663
133812 55666
133812 55685
133812 55687
133812 55699
133812 58376
133812 58379
133812 58404
133812 58474
133812 58482
133812 58487
133812 58495
133812 58514
133812 58815
133812 59139
133812 59147
133812 59149
133812 59155
133812 59158
133812 59285
133812 63490
133812 63501
133812 7597
133812 9326
133812 9785
133812 9875
 133819
133819 
133819 10217
133819 131758
133819 133812
133819 135484
133819 136879
133819 17451
133819 18103
133819 20940
133819 23693
133819 23756
133819 24195
133819 24521
133819 3856
133819 42
133819 45102
133819 45707
133819 55666
133819 55685
133819 55699
133819 58381
133819 63859
133819 64315
133819 7597
133819 7713
 133838
133838 
133838 10217
133838 131758
133838 133812
133838 135484
133838 136879
133838 17451
133838 18103
133838 20940
133838 23693
133838 23756
133838 24195
133838 24521
133838 3856
133838 42
133838 45102
133838 45707
133838 55666
133838 55685
133838 55699
133838 58381
133838 63859
133838 64315
133838 7597
133838 7713
 134622
134622 
134622 10217
134622 131758
134622 133812
134622 135484
134622 136879
134622 17451
134622 18103
134622 20940
134622 23693
134622 23756
134622 24195
134622 24521
134622 3856
134622 42
134622 45102
134622 45707
134622 55666
134622 55685
134622 55699
134622 58381
134622 63859
134622 64315
134622 7597
134622 7713
 134643
134643 
134643 10217
134643 131758
134643 133812
134643 135484
134643 136879
134643 17451
134643 18103
134643 20940
134643 23693
134643 23756
134643 24195
134643 24521
134643 3856
134643 42
134643 45102
134643 45707
134643 55666
134643 55685
134643 55699
134643 58381
134643 63859
134643 64315
134643 7597
134643 7713
 134651
134651 
134651 10217
134651 131758
134651 133812
134651 135484
134651 136879
134651 17451
134651 18103
134651 20940
134651 23693
134651 23756
134651 24195
134651 24521
134651 3856
134651 42
134651 45102
134651 45707
134651 55666
134651 55685
134651 55699
134651 58381
134651 63859
134651 64315
134651 7597
134651 7713
 135439
135439 
135439 10217
135439 131758
135439 133812
135439 135484
135439 136879
135439 17451
135439 18103
135439 20940
135439 23693
135439 23756
135439 24195
135439 24521
135439 3856
135439 42
135439 45102
135439 45707
135439 55666
135439 55685
135439 55699
135439 58381
135439 63859
135439 64315
135439 7597
135439 7713
 135484
135484 
135484 10217
135484 131706
135484 131711
135484 131717
135484 131749
135484 131755
135484 131758
135484 131767
135484 131769
135484 132164
135484 133352
135484 133804
135484 133811
135484 133812
135484 133819
135484 133838
135484 134622
135484 134643
135484 134651
135484 135439
135484 136119
135484 136127
135484 136821
135484 136840
135484 136879
135484 137295
135484 17451
135484 17538
135484 17670
135484 17671
135484 18103
135484 18393
135484 20940
135484 23693
135484 23699
135484 23756
135484 23947
135484 23948
135484 23951
135484 23953
135484 24195
135484 24204
135484 24521
135484 24523
135484 24528
135484 24529
135484 24532
135484 24534
135484 24535
135484 38147
135484 38148
135484 38156
135484 38496
135484 38501
135484 38522
135484 38524
135484 3856
135484 38753
135484 38768
135484 38770
135484 38896
135484 42
135484 45102
135484 45298
135484 45302
135484 45707
135484 45710
135484 45716
135484 45731
135484 45786
135484 46023
135484 4787
135484 4795
135484 4800
135484 4833
135484 4855
135484 55653
135484 55663
135484 55666
135484 55685
135484 55687
135484 55699
135484 58376
135484 58379
135484 58381
135484 58404
135484 58474
135484 58482
135484 58487
135484 58495
135484 58514
135484 58815
135484 59139
135484 59147
135484 59149
135484 59155
135484 59158
135484 59285
135484 63490
135484 63501
135484 63859
135484 64315
135484 7597
135484 7713
135484 9326
135484 9785
135484 9875
 136119
136119 
136119 10217
136119 131758
136119 133812
136119 135484
136119 136879
136119 17451
136119 18103
136119 20940
136119 23693
136119 23756
136119 24195
136119 24521
136119 3856
136119 42
136119 45102
136119 45707
136119 55666
136119 55685
136119 55699
136119 58381
136119 63859
136119 64315
136119 7597
136119 7713
 136127
136127 
136127 10217
136127 131758
136127 133812
136127 135484
136127 136879
136127 17451
136127 18103
136127 20940
136127 23693
136127 23756
136127 24195
136127 24521
136127 3856
136127 42
136127 45102
136127 45707
136127 55666
136127 55685
136127 55699
136127 58381
136127 63859
136127 64315
136127 7597
136127 7713
 136821
136821 
136821 10217
136821 131758
136821 133812
136821 135484
136821 136879
136821 17451
136821 18103
136821 20940
136821 23693
136821 23756
136821 24195
136821 24521
136821 3856
136821 42
136821 45102
136821 45707
136821 55666
136821 55685
136821 55699
136821 58381
136821 63859
136821 64315
136821 7597
136821 7713
 136840
136840 
136840 10217
136840 131758
136840 133812
136840 135484
136840 136879
136840 17451
136840 18103
136840 20940
136840 23693
136840 23756
136840 24195
136840 24521
136840 3856
136840 42
136840 45102
136840 45707
136840 55666
136840 55685
136840 55699
136840 58381
136840 63859
136840 64315
136840 7597
136840 7713
136879 131706
136879 131711
136879 131717
136879 131749
136879 131755
136879 131767
136879 131769
136879 132164
136879 133352
136879 133804
136879 133811
136879 133819
136879 133838
136879 134622
136879 134643
136879 134651
136879 135439
136879 135484
136879 136119
136879 136127
136879 136821
136879 136840
136879 137295
136879 17451
136879 17538
136879 17670
136879 17671
136879 18393
136879 23693
136879 23699
136879 23947
136879 23948
136879 23951
136879 23953
136879 24204
136879 24523
136879 24528
136879 24529
136879 24532
136879 24534
136879 24535
136879 38147
136879 38148
136879 38156
136879 38496
136879 38501
136879 38522
136879 38524
136879 38753
136879 38768
136879 38770
136879 38896
136879 42
136879 45298
136879 45302
136879 45710
136879 45716
136879 45731
136879 45786
136879 46023
136879 4787
136879 4795
136879 4800
136879 4833
136879 4855
136879 55653
136879 55663
136879 55666
136879 55685
136879 55687
136879 55699
136879 58376
136879 58379
136879 58404
136879 58474
136879 58482
136879 58487
136879 58495
136879 58514
136879 58815
136879 59139
136879 59147
136879 59149
136879 59155
136879 59158
136879 59285
136879 63490
136879 63501
136879 7597
136879 9326
136879 9785
136879 9875
 137295
137295 
137295 10217
137295 131758
137295 133812
137295 135484
137295 136879
137295 17451
137295 18103
137295 20940
137295 23693
137295 23756
137295 24195
137295 24521
137295 3856
137295 42
137295 45102
137295 45707
137295 55666
137295 55685
137295 55699
137295 58381
137295 63859
137295 64315
137295 7597
137295 7713
 17451
17451 
17451 10217
17451 131706
17451 131711
17451 131717
17451 131749
17451 131755
17451 131758
17451 131767
17451 131769
17451 132164
17451 133352
17451 133804
17451 133811
17451 133812
17451 133819
17451 133838
17451 134622
17451 134643
17451 134651
17451 135439
17451 135484
17451 136119
17451 136127
17451 136821
17451 136840
17451 136879
17451 137295
17451 17538
17451 17670
17451 17671
17451 18103
17451 18393
17451 20940
17451 23693
17451 23699
17451 23756
17451 23947
17451 23948
17451 23951
17451 23953
17451 24195
17451 24204
17451 24521
17451 24523
17451 24528
17451 24529
17451 24532
17451 24534
17451 24535
17451 38147
17451 38148
17451 38156
17451 38496
17451 38501
17451 38522
17451 38524
17451 3856
17451 38753
17451 38768
17451 38770
17451 38896
17451 42
17451 45102
17451 45298
17451 45302
17451 45707
17451 45710
17451 45716
17451 45731
17451 45786
17451 46023
17451 4787
17451 4795
17451 4800
17451 4833
17451 4855
17451 55653
17451 55663
17451 55666
17451 55685
17451 55687
17451 55699
17451 58376
17451 58379
17451 58381
17451 58404
17451 58474
17451 58482
17451 58487
17451 58495
17451 58514
17451 58815
17451 59139
17451 59147
17451 59149
17451 59155
17451 59158
17451 59285
17451 63490
17451 63501
17451 63859
17451 64315
17451 7597
17451 7713
17451 9326
17451 9785
17451 9875
 17538
17538 
17538 10217
17538 131758
17538 133812
17538 135484
17538 136879
17538 17451
17538 18103
17538 20940
17538 23693
17538 23756
17538 24195
17538 24521
17538 3856
17538 42
17538 45102
17538 45707
17538 55666
17538 55685
17538 55699
17538 58381
17538 63859
17538 64315
17538 7597
17538 7713
 17670
17670 
17670 10217
17670 131758
17670 133812
17670 135484
17670 136879
17670 17451
17670 18103
17670 20940
17670 23693
17670 23756
17670 24195
17670 24521
17670 3856
17670 42
17670 45102
17670 45707
17670 55666
17670 55685
17670 55699
17670 58381
17670 63859
17670 64315
17670 7597
17670 7713
 17671
17671 
17671 10217
17671 131758
17671 133812
17671 135484
17671 136879
17671 17451
17671 18103
17671 20940
17671 23693
17671 23756
17671 24195
17671 24521
17671 3856
17671 42
17671 45102
17671 45707
17671 55666
17671 55685
17671 55699
17671 58381
17671 63859
17671 64315
17671 7597
17671 7713
18103 131706
18103 131711
18103 131717
18103 131749
18103 131755
18103 131767
18103 131769
18103 132164
18103 133352
18103 133804
18103 133811
18103 133819
18103 133838
18103 134622
18103 134643
18103 134651
18103 135439
18103 135484
18103 136119
18103 136127
18103 136821
18103 136840
18103 137295
18103 17451
18103 17538
18103 17670
18103 17671
18103 18393
18103 23693
18103 23699
18103 23947
18103 23948
18103 23951
18103 23953
18103 24204
18103 24523
18103 24528
18103 24529
18103 24532
18103 24534
18103 24535
18103 38147
18103 38148
18103 38156
18103 38496
18103 38501
18103 38522
18103 38524
18103 38753
18103 38768
18103 38770
18103 38896
18103 42
18103 45298
18103 45302
18103 45710
18103 45716
18103 45731
18103 45786
18103 46023
18103 4787
18103 4795
18103 4800
18103 4833
18103 4855
18103 55653
18103 55663
18103 55666
18103 55685
18103 55687
18103 55699
18103 58376
18103 58379
18103 58404
18103 58474
18103 58482
18103 58487
18103 58495
18103 58514
18103 58815
18103 59139
18103 59147
18103 59149
18103 59155
18103 59158
18103 59285
18103 63490
18103 63501
18103 7597
18103 9326
18103 9785
18103 9875
 18393
18393 
18393 10217
18393 131758
18393 133812
18393 135484
18393 136879
18393 17451
18393 18103
18393 20940
18393 23693
18393 23756
18393 24195
18393 24521
18393 3856
18393 42
18393 45102
18393 45707
18393 55666
18393 55685
18393 55699
18393 58381
18393 63859
18393 64315
18393 7597
18393 7713
20940 131706
20940 131711
20940 131717
20940 131749
20940 131755
20940 131767
20940 131769
20940 132164
20940 133352
20940 133804
20940 133811
20940 133819
20940 133838
20940 134622
20940 134643
20940 134651
20940 135439
20940 135484
20940 136119
20940 136127
20940 136821
20940 136840
20940 137295
20940 17451
20940 17538
20940 17670
20940 17671
20940 18393
20940 23693
20940 23699
20940 23947
20940 23948
20940 23951
20940 23953
20940 24204
20940 24523
20940 24528
20940 24529
20940 24532
20940 24534
20940 24535
20940 38147
20940 38148
20940 38156
20940 38496
20940 38501
20940 38522
20940 38524
20940 38753
20940 38768
20940 38770
20940 38896
20940 42
20940 45298
20940 45302
20940 45710
20940 45716
20940 45731
20940 45786
20940 46023
20940 4787
20940 4795
20940 4800
20940 4833
20940 4855
20940 55653
20940 55663
20940 55666
20940 55685
20940 55687
20940 55699
20940 58376
20940 58379
20940 58404
20940 58474
20940 58482
20940 58487
20940 58495
20940 58514
20940 58815
20940 59139
20940 59147
20940 59149
20940 59155
20940 59158
20940 59285
20940 63490
20940 63501
20940 7597
20940 9326
20940 9785
20940 9875
 23693
23693 
23693 10217
23693 131706
23693 131711
23693 131717
23693 131749
23693 131755
23693 131758
23693 131767
23693 131769
23693 132164
23693 133352
23693 133804
23693 133811
23693 133812
23693 133819
23693 133838
23693 134622
23693 134643
23693 134651
23693 135439
23693 135484
23693 136119
23693 136127
23693 136821
23693 136840
23693 136879
23693 137295
23693 17451
23693 17538
23693 17670
23693 17671
23693 18103
23693 18393
23693 20940
23693 23699
23693 23756
23693 23947
23693 23948
23693 23951
23693 23953
23693 24195
23693 24204
23693 24521
23693 24523
23693 24528
23693 24529
23693 24532
23693 24534
23693 24535
23693 38147
23693 38148
23693 38156
23693 38496
23693 38501
23693 38522
23693 38524
23693 3856
23693 38753
23693 38768
23693 38770
23693 38896
23693 42
23693 45102
23693 45298
23693 45302
23693 45707
23693 45710
23693 45716
23693 45731
23693 45786
23693 46023
23693 4787
23693 4795
23693 4800
23693 4833
23693 4855
23693 55653
23693 55663
23693 55666
23693 55685
23693 55687
23693 55699
23693 58376
23693 58379
23693 58381
23693 58404
23693 58474
23693 58482
23693 58487
23693 58495
23693 58514
23693 58815
23693 59139
23693 59147
23693 59149
23693 59155
23693 59158
23693 59285
23693 63490
23693 63501
23693 63859
23693 64315
23693 7597
23693 7713
23693 9326
23693 9785
23693 9875
 23699
23699 
23699 10217
23699 131758
23699 133812
23699 135484
23699 136879
23699 17451
23699 18103
23699 20940
23699 23693
23699 23756
23699 24195
23699 24521
23699 3856
23699 42
23699 45102
23699 45707
23699 55666
23699 55685
23699 55699
23699 58381
23699 63859
23699 64315
23699 7597
23699 7713
23756 131706
23756 131711
23756 131717
23756 131749
23756 131755
23756 131767
23756 131769
23756 132164
23756 133352
23756 133804
23756 133811
23756 133819
23756 133838
23756 134622
23756 134643
23756 134651
23756 135439
23756 135484
23756 136119
23756 136127
23756 136821
23756 136840
23756 137295
23756 17451
23756 17538
23756 17670
23756 17671
23756 18393
23756 23693
23756 23699
23756 23947
23756 23948
23756 23951
23756 23953
23756 24204
23756 24523
23756 24528
23756 24529
23756 24532
23756 24534
23756 24535
23756 38147
23756 38148
23756 38156
23756 38496
23756 38501
23756 38522
23756 38524
23756 38753
23756 38768
23756 38770
23756 38896
23756 42
23756 45298
23756 45302
23756 45710
23756 45716
23756 45731
23756 45786
23756 46023
23756 4787
23756 4795
23756 4800
23756 4833
23756 4855
23756 55653
23756 55663
23756 55666
23756 55685
23756 55687
23756 55699
23756 58376
23756 58379
23756 58404
23756 58474
23756 58482
23756 58487
23756 58495
23756 58514
23756 58815
23756 59139
23756 59147
23756 59149
23756 59155
23756 59158
23756 59285
23756 63490
23756 63501
23756 7597
23756 9326
23756 9785
23756 9875
 23947
23947 
23947 10217
23947 131758
23947 133812
23947 135484
23947 136879
23947 17451
23947 18103
23947 20940
23947 23693
23947 23756
23947 24195
23947 24521
23947 3856
23947 42
23947 45102
23947 45707
23947 55666
23947 55685
23947 55699
23947 58381
23947 63859
23947 64315
23947 7597
23947 7713
 23948
23948 
23948 10217
23948 131758
23948 133812
23948 135484
23948 136879
23948 17451
23948 18103
23948 20940
23948 23693
23948 23756
23948 24195
23948 24521
23948 3856
23948 42
23948 45102
23948 45707
23948 55666
23948 55685
23948 55699
23948 58381
23948 63859
23948 64315
23948 7597
23948 7713
 23951
23951 
23951 10217
23951 131758
23951 133812
23951 135484
23951 136879
23951 17451
23951 18103
23951 20940
23951 23693
23951 23756
23951 24195
23951 24521
23951 3856
23951 42
23951 45102
23951 45707
23951 55666
23951 55685
23951 55699
23951 58381
23951 63859
23951 64315
23951 7597
23951 7713
 23953
23953 
23953 10217
23953 131758
23953 133812
23953 135484
23953 136879
23953 17451
23953 18103
23953 20940
23953 23693
23953 23756
23953 24195
23953 24521
23953 3856
23953 42
23953 45102
23953 45707
23953 55666
23953 55685
23953 55699
23953 58381
23953 63859
23953 64315
23953 7597
23953 7713
24195 131706
24195 131711
24195 131717
24195 131749
24195 131755
24195 131767
24195 131769
24195 132164
24195 133352
24195 133804
24195 133811
24195 133819
24195 133838
24195 134622
24195 134643
24195 134651
24195 135439
24195 135484
24195 136119
24195 136127
24195 136821
24195 136840
24195 137295
24195 17451
24195 17538
24195 17670
24195 17671
24195 18393
24195 23693
24195 23699
24195 23947
24195 23948
24195 23951
24195 23953
24195 24204
24195 24523
24195 24528
24195 24529
24195 24532
24195 24534
24195 24535
24195 38147
24195 38148
24195 38156
24195 38496
24195 38501
24195 38522
24195 38524
24195 38753
24195 38768
24195 38770
24195 38896
24195 42
24195 45298
24195 45302
24195 45710
24195 45716
24195 45731
24195 45786
24195 46023
24195 4787
24195 4795
24195 4800
24195 4833
24195 4855
24195 55653
24195 55663
24195 55666
24195 55685
24195 55687
24195 55699
24195 58376
24195 58379
24195 58404
24195 58474
24195 58482
24195 58487
24195 58495
24195 58514
24195 58815
24195 59139
24195 59147
24195 59149
24195 59155
24195 59158
24195 59285
24195 63490
24195 63501
24195 7597
24195 9326
24195 9785
24195 9875
 24204
24204 
24204 10217
24204 131758
24204 133812
24204 135484
24204 136879
24204 17451
24204 18103
24204 20940
24204 23693
24204 23756
24204 24195
24204 24521
24204 3856
24204 42
24204 45102
24204 45707
24204 55666
24204 55685
24204 55699
24204 58381
24204 63859
24204 64315
24204 7597
24204 7713
24521 131706
24521 131711
24521 131717
24521 131749
24521 131755
24521 131767
24521 131769
24521 132164
24521 133352
24521 133804
24521 133811
24521 133819
24521 133838
24521 134622
24521 134643
24521 134651
24521 135439
24521 135484
24521 136119
24521 136127
24521 136821
24521 136840
24521 137295
24521 17451
24521 17538
24521 17670
24521 17671
24521 18393
24521 23693
24521 23699
24521 23947
24521 23948
24521 23951
24521 23953
24521 24204
24521 24523
24521 24528
24521 24529
24521 24532
24521 24534
24521 24535
24521 38147
24521 38148
24521 38156
24521 38496
24521 38501
24521 38522
24521 38524
24521 38753
24521 38768
24521 38770
24521 38896
24521 42
24521 45298
24521 45302
24521 45710
24521 45716
24521 45731
24521 45786
24521 46023
24521 4787
24521 4795
24521 4800
24521 4833
24521 4855
24521 55653
24521 55663
24521 55666
24521 55685
24521 55687
24521 55699
24521 58376
24521 58379
24521 58404
24521 58474
24521 58482
24521 58487
24521 58495
24521 58514
24521 58815
24521 59139
24521 59147
24521 59149
24521 59155
24521 59158
24521 59285
24521 63490
24521 63501
24521 7597
24521 9326
24521 9785
24521 9875
 24523
24523 
24523 10217
24523 131758
24523 133812
24523 135484
24523 136879
24523 17451
24523 18103
24523 20940
24523 23693
24523 23756
24523 24195
24523 24521
24523 3856
24523 42
24523 45102
24523 45707
24523 55666
24523 55685
24523 55699
24523 58381
24523 63859
24523 64315
24523 7597
24523 7713
 24528
24528 
24528 10217
24528 131758
24528 133812
24528 135484
24528 136879
24528 17451
24528 18103
24528 20940
24528 23693
24528 23756
24528 24195
24528 24521
24528 3856
24528 42
24528 45102
24528 45707
24528 55666
24528 55685
24528 55699
24528 58381
24528 63859
24528 64315
24528 7597
24528 7713
 24529
24529 
24529 10217
24529 131758
24529 133812
24529 135484
24529 136879
24529 17451
24529 18103
24529 20940
24529 23693
24529 23756
24529 24195
24529 24521
24529 3856
24529 42
24529 45102
24529 45707
24529 55666
24529 55685
24529 55699
24529 58381
24529 63859
24529 64315
24529 7597
24529 7713
 24532
24532 
24532 10217
24532 131758
24532 133812
24532 135484
24532 136879
24532 17451
24532 18103
24532 20940
24532 23693
24532 23756
24532 24195
24532 24521
24532 3856
24532 42
24532 45102
24532 45707
24532 55666
24532 55685
24532 55699
24532 58381
24532 63859
24532 64315
24532 7597
24532 7713
 24534
24534 
24534 10217
24534 131758
24534 133812
24534 135484
24534 136879
24534 17451
24534 18103
24534 20940
24534 23693
24534 23756
24534 24195
24534 24521
24534 3856
24534 42
24534 45102
24534 45707
24534 55666
24534 55685
24534 55699
24534 58381
24534 63859
24534 64315
24534 7597
24534 7713
 24535
24535 
24535 10217
24535 131758
24535 133812
24535 135484
24535 136879
24535 17451
24535 18103
24535 20940
24535 23693
24535 23756
24535 24195
24535 24521
24535 3856
24535 42
24535 45102
24535 45707
24535 55666
24535 55685
24535 55699
24535 58381
24535 63859
24535 64315
24535 7597
24535 7713
 38147
38147 
38147 10217
38147 131758
38147 133812
38147 135484
38147 136879
38147 17451
38147 18103
38147 20940
38147 23693
38147 23756
38147 24195
38147 24521
38147 3856
38147 42
38147 45102
38147 45707
38147 55666
38147 55685
38147 55699
38147 58381
38147 63859
38147 64315
38147 7597
38147 7713
 38148
38148 
38148 10217
38148 131758
38148 133812
38148 135484
38148 136879
38148 17451
38148 18103
38148 20940
38148 23693
38148 23756
38148 24195
38148 24521
38148 3856
38148 42
38148 45102
38148 45707
38148 55666
38148 55685
38148 55699
38148 58381
38148 63859
38148 64315
38148 7597
38148 7713
 38156
38156 
38156 10217
38156 131758
38156 133812
38156 135484
38156 136879
38156 17451
38156 18103
38156 20940
38156 23693
38156 23756
38156 24195
38156 24521
38156 3856
38156 42
38156 45102
38156 45707
38156 55666
38156 55685
38156 55699
38156 58381
38156 63859
38156 64315
38156 7597
38156 7713
 38496
38496 
38496 10217
38496 131758
38496 133812
38496 135484
38496 136879
38496 17451
38496 18103
38496 20940
38496 23693
38496 23756
38496 24195
38496 24521
38496 3856
38496 42
38496 45102
38496 45707
38496 55666
38496 55685
38496 55699
38496 58381
38496 63859
38496 64315
38496 7597
38496 7713
 38501
38501 
38501 10217
38501 131758
38501 133812
38501 135484
38501 136879
38501 17451
38501 18103
38501 20940
38501 23693
38501 23756
38501 24195
38501 24521
38501 3856
38501 42
38501 45102
38501 45707
38501 55666
38501 55685
38501 55699
38501 58381
38501 63859
38501 64315
38501 7597
38501 7713
 38522
38522 
38522 10217
38522 131758
38522 133812
38522 135484
38522 136879
38522 17451
38522 18103
38522 20940
38522 23693
38522 23756
38522 24195
38522 24521
38522 3856
38522 42
38522 45102
38522 45707
38522 55666
38522 55685
38522 55699
38522 58381
38522 63859
38522 64315
38522 7597
38522 7713
 38524
38524 
38524 10217
38524 131758
38524 133812
38524 135484
38524 136879
38524 17451
38524 18103
38524 20940
38524 23693
38524 23756
38524 24195
38524 24521
38524 3856
38524 42
38524 45102
38524 45707
38524 55666
38524 55685
38524 55699
38524 58381
38524 63859
38524 64315
38524 7597
38524 7713
3856 131706
3856 131711
3856 131717
3856 131749
3856 131755
3856 131767
3856 131769
3856 132164
3856 133352
3856 133804
3856 133811
3856 133819
3856 133838
3856 134622
3856 134643
3856 134651
3856 135439
3856 135484
3856 136119
3856 136127
3856 136821
3856 136840
3856 137295
3856 17451
3856 17538
3856 17670
3856 17671
3856 18393
3856 23693
3856 23699
3856 23947
3856 23948
3856 23951
3856 23953
3856 24204
3856 24523
3856 24528
3856 24529
3856 24532
3856 24534
3856 24535
3856 38147
3856 38148
3856 38156
3856 38496
3856 38501
3856 38522
3856 38524
3856 38753
3856 38768
3856 38770
3856 38896
3856 42
3856 45298
3856 45302
3856 45710
3856 45716
3856 45731
3856 45786
3856 46023
3856 4787
3856 4795
3856 4800
3856 4833
3856 4855
3856 55653
3856 55663
3856 55666
3856 55685
3856 55687
3856 55699
3856 58376
3856 58379
3856 58404
3856 58474
3856 58482
3856 58487
3856 58495
3856 58514
3856 58815
3856 59139
3856 59147
3856 59149
3856 59155
3856 59158
3856 59285
3856 63490
3856 63501
3856 7597
3856 9326
3856 9785
3856 9875
 38753
38753 
38753 10217
38753 131758
38753 133812
38753 135484
38753 136879
38753 17451
38753 18103
38753 20940
38753 23693
38753 23756
38753 24195
38753 24521
38753 3856
38753 42
38753 45102
38753 45707
38753 55666
38753 55685
38753 55699
38753 58381
38753 63859
38753 64315
38753 7597
38753 7713
 38768
38768 
38768 10217
38768 131758
38768 133812
38768 135484
38768 136879
38768 17451
38768 18103
38768 20940
38768 23693
38768 23756
38768 24195
38768 24521
38768 3856
38768 42
38768 45102
38768 45707
38768 55666
38768 55685
38768 55699
38768 58381
38768 63859
38768 64315
38768 7597
38768 7713
 38770
38770 
38770 10217
38770 131758
38770 133812
38770 135484
38770 136879
38770 17451
38770 18103
38770 20940
38770 23693
38770 23756
38770 24195
38770 24521
38770 3856
38770 42
38770 45102
38770 45707
38770 55666
38770 55685
38770 55699
38770 58381
38770 63859
38770 64315
38770 7597
38770 7713
 38896
38896 
38896 10217
38896 131758
38896 133812
38896 135484
38896 136879
38896 17451
38896 18103
38896 20940
38896 23693
38896 23756
38896 24195
38896 24521
38896 3856
38896 42
38896 45102
38896 45707
38896 55666
38896 55685
38896 55699
38896 58381
38896 63859
38896 64315
38896 7597
38896 7713
 42
42 
42 10217
42 131706
42 131711
42 131717
42 131749
42 131755
42 131758
42 131767
42 131769
42 132164
42 133352
42 133804
42 133811
42 133812
42 133819
42 133838
42 134622
42 134643
42 134651
42 135439
42 135484
42 136119
42 136127
42 136821
42 136840
42 136879
42 137295
42 17451
42 17538
42 17670
42 17671
42 18103
42 18393
42 20940
42 23693
42 23699
42 23756
42 23947
42 23948
42 23951
42 23953
42 24195
42 24204
42 24521
42 24523
42 24528
42 24529
42 24532
42 24534
42 24535
42 38147
42 38148
42 38156
42 38496
42 38501
42 38522
42 38524
42 3856
42 38753
42 38768
42 38770
42 38896
42 45102
42 45298
42 45302
42 45707
42 45710
42 45716
42 45731
42 45786
42 46023
42 4787
42 4795
42 4800
42 4833
42 4855
42 55653
42 55663
42 55666
42 55685
42 55687
42 55699
42 58376
42 58379
42 58381
42 58404
42 58474
42 58482
42 58487
42 58495
42 58514
42 58815
42 59139
42 59147
42 59149
42 59155
42 59158
42 59285
42 63490
42 63501
42 63859
42 64315
42 7597
42 7713
42 9326
42 9785
42 9875
45102 131706
45102 131711
45102 131717
45102 131749
45102 131755
45102 131767
45102 131769
45102 132164
45102 133352
45102 133804
45102 133811
45102 133819
45102 133838
45102 134622
45102 134643
45102 134651
45102 135439
45102 135484
45102 136119
45102 136127
45102 136821
45102 136840
45102 137295
45102 17451
45102 17538
45102 17670
45102 17671
45102 18393
45102 23693
45102 23699
45102 23947
45102 23948
45102 23951
45102 23953
45102 24204
45102 24523
45102 24528
45102 24529
45102 24532
45102 24534
45102 24535
45102 38147
45102 38148
45102 38156
45102 38496
45102 38501
45102 38522
45102 38524
45102 38753
45102 38768
45102 38770
45102 38896
45102 42
45102 45298
45102 45302
45102 45710
45102 45716
45102 45731
45102 45786
45102 46023
45102 4787
45102 4795
45102 4800
45102 4833
45102 4855
45102 55653
45102 55663
45102 55666
45102 55685
45102 55687
45102 55699
45102 58376
45102 58379
45102 58404
45102 58474
45102 58482
45102 58487
45102 58495
45102 58514
45102 58815
45102 59139
45102 59147
45102 59149
45102 59155
45102 59158
45102 59285
45102 63490
45102 63501
45102 7597
45102 9326
45102 9785
45102 9875
 45298
45298 
45298 10217
45298 131758
45298 133812
45298 135484
45298 136879
45298 17451
45298 18103
45298 20940
45298 23693
45298 23756
45298 24195
45298 24521
45298 3856
45298 42
45298 45102
45298 45707
45298 55666
45298 55685
45298 55699
45298 58381
45298 63859
45298 64315
45298 7597
45298 7713
 45302
45302 
45302 10217
45302 131758
45302 133812
45302 135484
45302 136879
45302 17451
45302 18103
45302 20940
45302 23693
45302 23756
45302 24195
45302 24521
45302 3856
45302 42
45302 45102
45302 45707
45302 55666
45302 55685
45302 55699
45302 58381
45302 63859
45302 64315
45302 7597
45302 7713
45707 131706
45707 131711
45707 131717
45707 131749
45707 131755
45707 131767
45707 131769
45707 132164
45707 133352
45707 133804
45707 133811
45707 133819
45707 133838
45707 134622
45707 134643
45707 134651
45707 135439
45707 135484
45707 136119
45707 136127
45707 136821
45707 136840
45707 137295
45707 17451
45707 17538
45707 17670
45707 17671
45707 18393
45707 23693
45707 23699
45707 23947
45707 23948
45707 23951
45707 23953
45707 24204
45707 24523
45707 24528
45707 24529
45707 24532
45707 24534
45707 24535
45707 38147
45707 38148
45707 38156
45707 38496
45707 38501
45707 38522
45707 38524
45707 38753
45707 38768
45707 38770
45707 38896
45707 42
45707 45298
45707 45302
45707 45710
45707 45716
45707 45731
45707 45786
45707 46023
45707 4787
45707 4795
45707 4800
45707 4833
45707 4855
45707 55653
45707 55663
45707 55666
45707 55685
45707 55687
45707 55699
45707 58376
45707 58379
45707 58404
45707 58474
45707 58482
45707 58487
45707 58495
45707 58514
45707 58815
45707 59139
45707 59147
45707 59149
45707 59155
45707 59158
45707 59285
45707 63490
45707 63501
45707 7597
45707 9326
45707 9785
45707 9875
 45710
45710 
45710 10217
45710 131758
45710 133812
45710 135484
45710 136879
45710 17451
45710 18103
45710 20940
45710 23693
45710 23756
45710 24195
45710 24521
45710 3856
45710 42
45710 45102
45710 45707
45710 55666
45710 55685
45710 55699
45710 58381
45710 63859
45710 64315
45710 7597
45710 7713
 45716
45716 
45716 10217
45716 131758
45716 133812
45716 135484
45716 136879
45716 17451
45716 18103
45716 20940
45716 23693
45716 23756
45716 24195
45716 24521
45716 3856
45716 42
45716 45102
45716 45707
45716 55666
45716 55685
45716 55699
45716 58381
45716 63859
45716 64315
45716 7597
45716 7713
 45731
45731 
45731 10217
45731 131758
45731 133812
45731 135484
45731 136879
45731 17451
45731 18103
45731 20940
45731 23693
45731 23756
45731 24195
45731 24521
45731 3856
45731 42
45731 45102
45731 45707
45731 55666
45731 55685
45731 55699
45731 58381
45731 63859
45731 64315
45731 7597
45731 7713
 45786
45786 
45786 10217
45786 131758
45786 133812
45786 135484
45786 136879
45786 17451
45786 18103
45786 20940
45786 23693
45786 23756
45786 24195
45786 24521
45786 3856
45786 42
45786 45102
45786 45707
45786 55666
45786 55685
45786 55699
45786 58381
45786 63859
45786 64315
45786 7597
45786 7713
 46023
46023 
46023 10217
46023 131758
46023 133812
46023 135484
46023 136879
46023 17451
46023 18103
46023 20940
46023 23693
46023 23756
46023 24195
46023 24521
46023 3856
46023 42
46023 45102
46023 45707
46023 55666
46023 55685
46023 55699
46023 58381
46023 63859
46023 64315
46023 7597
46023 7713
 4787
4787 
4787 10217
4787 131758
4787 133812
4787 135484
4787 136879
4787 17451
4787 18103
4787 20940
4787 23693
4787 23756
4787 24195
4787 24521
4787 3856
4787 42
4787 45102
4787 45707
4787 55666
4787 55685
4787 55699
4787 58381
4787 63859
4787 64315
4787 7597
4787 7713
 4795
4795 
4795 10217
4795 131758
4795 133812
4795 135484
4795 136879
4795 17451
4795 18103
4795 20940
4795 23693
4795 23756
4795 24195
4795 24521
4795 3856
4795 42
4795 45102
4795 45707
4795 55666
4795 55685
4795 55699
4795 58381
4795 63859
4795 64315
4795 7597
4795 7713
 4800
4800 
4800 10217
4800 131758
4800 133812
4800 135484
4800 136879
4800 17451
4800 18103
4800 20940
4800 23693
4800 23756
4800 24195
4800 24521
4800 3856
4800 42
4800 45102
4800 45707
4800 55666
4800 55685
4800 55699
4800 58381
4800 63859
4800 64315
4800 7597
4800 7713
 4833
4833 
4833 10217
4833 131758
4833 133812
4833 135484
4833 136879
4833 17451
4833 18103
4833 20940
4833 23693
4833 23756
4833 24195
4833 24521
4833 3856
4833 42
4833 45102
4833 45707
4833 55666
4833 55685
4833 55699
4833 58381
4833 63859
4833 64315
4833 7597
4833 7713
 4855
4855 
4855 10217
4855 131758
4855 133812
4855 135484
4855 136879
4855 17451
4855 18103
4855 20940
4855 23693
4855 23756
4855 24195
4855 24521
4855 3856
4855 42
4855 45102
4855 45707
4855 55666
4855 55685
4855 55699
4855 58381
4855 63859
4855 64315
4855 7597
4855 7713
 55653
55653 
55653 10217
55653 131758
55653 133812
55653 135484
55653 136879
55653 17451
55653 18103
55653 20940
55653 23693
55653 23756
55653 24195
55653 24521
55653 3856
55653 42
55653 45102
55653 45707
55653 55666
55653 55685
55653 55699
55653 58381
55653 63859
55653 64315
55653 7597
55653 7713
 55663
55663 
55663 10217
55663 131758
55663 133812
55663 135484
55663 136879
55663 17451
55663 18103
55663 20940
55663 23693
55663 23756
55663 24195
55663 24521
55663 3856
55663 42
55663 45102
55663 45707
55663 55666
55663 55685
55663 55699
55663 58381
55663 63859
55663 64315
55663 7597
55663 7713
 55666
55666 
55666 10217
55666 131706
55666 131711
55666 131717
55666 131749
55666 131755
55666 131758
55666 131767
55666 131769
55666 132164
55666 133352
55666 133804
55666 133811
55666 133812
55666 133819
55666 133838
55666 134622
55666 134643
55666 134651
55666 135439
55666 135484
55666 136119
55666 136127
55666 136821
55666 136840
55666 136879
55666 137295
55666 17451
55666 17538
55666 17670
55666 17671
55666 18103
55666 18393
55666 20940
55666 23693
55666 23699
55666 23756
55666 23947
55666 23948
55666 23951
55666 23953
55666 24195
55666 24204
55666 24521
55666 24523
55666 24528
55666 24529
55666 24532
55666 24534
55666 24535
55666 38147
55666 38148
55666 38156
55666 38496
55666 38501
55666 38522
55666 38524
55666 3856
55666 38753
55666 38768
55666 38770
55666 38896
55666 42
55666 45102
55666 45298
55666 45302
55666 45707
55666 45710
55666 45716
55666 45731
55666 45786
55666 46023
55666 4787
55666 4795
55666 4800
55666 4833
55666 4855
55666 55653
55666 55663
55666 55685
55666 55687
55666 55699
55666 58376
55666 58379
55666 58381
55666 58404
55666 58474
55666 58482
55666 58487
55666 58495
55666 58514
55666 58815
55666 59139
55666 59147
55666 59149
55666 59155
55666 59158
55666 59285
55666 63490
55666 63501
55666 63859
55666 64315
55666 7597
55666 7713
55666 9326
55666 9785
55666 9875
 55685
55685 
55685 10217
55685 131706
55685 131711
55685 131717
55685 131749
55685 131755
55685 131758
55685 131767
55685 131769
55685 132164
55685 133352
55685 133804
55685 133811
55685 133812
55685 133819
55685 133838
55685 134622
55685 134643
55685 134651
55685 135439
55685 135484
55685 136119
55685 136127
55685 136821
55685 136840
55685 136879
55685 137295
55685 17451
55685 17538
55685 17670
55685 17671
55685 18103
55685 18393
55685 20940
55685 23693
55685 23699
55685 23756
55685 23947
55685 23948
55685 23951
55685 23953
55685 24195
55685 24204
55685 24521
55685 24523
55685 24528
55685 24529
55685 24532
55685 24534
55685 24535
55685 38147
55685 38148
55685 38156
55685 38496
55685 38501
55685 38522
55685 38524
55685 3856
55685 38753
55685 38768
55685 38770
55685 38896
55685 42
55685 45102
55685 45298
55685 45302
55685 45707
55685 45710
55685 45716
55685 45731
55685 45786
55685 46023
55685 4787
55685 4795
55685 4800
55685 4833
55685 4855
55685 55653
55685 55663
55685 55666
55685 55687
55685 55699
55685 58376
55685 58379
55685 58381
55685 58404
55685 58474
55685 58482
55685 58487
55685 58495
55685 58514
55685 58815
55685 59139
55685 59147
55685 59149
55685 59155
55685 59158
55685 59285
55685 63490
55685 63501
55685 63859
55685 64315
55685 7597
55685 7713
55685 9326
55685 9785
55685 9875
 55687
55687 
55687 10217
55687 131758
55687 133812
55687 135484
55687 136879
55687 17451
55687 18103
55687 20940
55687 23693
55687 23756
55687 24195
55687 24521
55687 3856
55687 42
55687 45102
55687 45707
55687 55666
55687 55685
55687 55699
55687 58381
55687 63859
55687 64315
55687 7597
55687 7713
 55699
55699 
55699 10217
55699 131706
55699 131711
55699 131717
55699 131749
55699 131755
55699 131758
55699 131767
55699 131769
55699 132164
55699 133352
55699 133804
55699 133811
55699 133812
55699 133819
55699 133838
55699 134622
55699 134643
55699 134651
55699 135439
55699 135484
55699 136119
55699 136127
55699 136821
55699 136840
55699 136879
55699 137295
55699 17451
55699 17538
55699 17670
55699 17671
55699 18103
55699 18393
55699 20940
55699 23693
55699 23699
55699 23756
55699 23947
55699 23948
55699 23951
55699 23953
55699 24195
55699 24204
55699 24521
55699 24523
55699 24528
55699 24529
55699 24532
55699 24534
55699 24535
55699 38147
55699 38148
55699 38156
55699 38496
55699 38501
55699 38522
55699 38524
55699 3856
55699 38753
55699 38768
55699 38770
55699 38896
55699 42
55699 45102
55699 45298
55699 45302
55699 45707
55699 45710
55699 45716
55699 45731
55699 45786
55699 46023
55699 4787
55699 4795
55699 4800
55699 4833
55699 4855
55699 55653
55699 55663
55699 55666
55699 55685
55699 55687
55699 58376
55699 58379
55699 58381
55699 58404
55699 58474
55699 58482
55699 58487
55699 58495
55699 58514
55699 58815
55699 59139
55699 59147
55699 59149
55699 59155
55699 59158
55699 59285
55699 63490
55699 63501
55699 63859
55699 64315
55699 7597
55699 7713
55699 9326
55699 9785
55699 9875
 58376
58376 
58376 10217
58376 131758
58376 133812
58376 135484
58376 136879
58376 17451
58376 18103
58376 20940
58376 23693
58376 23756
58376 24195
58376 24521
58376 3856
58376 42
58376 45102
58376 45707
58376 55666
58376 55685
58376 55699
58376 58381
58376 63859
58376 64315
58376 7597
58376 7713
 58379
58379 
58379 10217
58379 131758
58379 133812
58379 135484
58379 136879
58379 17451
58379 18103
58379 20940
58379 23693
58379 23756
58379 24195
58379 24521
58379 3856
58379 42
58379 45102
58379 45707
58379 55666
58379 55685
58379 55699
58379 58381
58379 63859
58379 64315
58379 7597
58379 7713
58381 131706
58381 131711
58381 131717
58381 131749
58381 131755
58381 131767
58381 131769
58381 132164
58381 133352
58381 133804
58381 133811
58381 133819
58381 133838
58381 134622
58381 134643
58381 134651
58381 135439
58381 135484
58381 136119
58381 136127
58381 136821
58381 136840
58381 137295
58381 17451
58381 17538
58381 17670
58381 17671
58381 18393
58381 23693
58381 23699
58381 23947
58381 23948
58381 23951
58381 23953
58381 24204
58381 24523
58381 24528
58381 24529
58381 24532
58381 24534
58381 24535
58381 38147
58381 38148
58381 38156
58381 38496
58381 38501
58381 38522
58381 38524
58381 38753
58381 38768
58381 38770
58381 38896
58381 42
58381 45298
58381 45302
58381 45710
58381 45716
58381 45731
58381 45786
58381 46023
58381 4787
58381 4795
58381 4800
58381 4833
58381 4855
58381 55653
58381 55663
58381 55666
58381 55685
58381 55687
58381 55699
58381 58376
58381 58379
58381 58404
58381 58474
58381 58482
58381 58487
58381 58495
58381 58514
58381 58815
58381 59139
58381 59147
58381 59149
58381 59155
58381 59158
58381 59285
58381 63490
58381 63501
58381 7597
58381 9326
58381 9785
58381 9875
 58404
58404 
58404 10217
58404 131758
58404 133812
58404 135484
58404 136879
58404 17451
58404 18103
58404 20940
58404 23693
58404 23756
58404 24195
58404 24521
58404 3856
58404 42
58404 45102
58404 45707
58404 55666
58404 55685
58404 55699
58404 58381
58404 63859
58404 64315
58404 7597
58404 7713
 58474
58474 
58474 10217
58474 131758
58474 133812
58474 135484
58474 136879
58474 17451
58474 18103
58474 20940
58474 23693
58474 23756
58474 24195
58474 24521
58474 3856
58474 42
58474 45102
58474 45707
58474 55666
58474 55685
58474 55699
58474 58381
58474 63859
58474 64315
58474 7597
58474 7713
 58482
58482 
58482 10217
58482 131758
58482 133812
58482 135484
58482 136879
58482 17451
58482 18103
58482 20940
58482 23693
58482 23756
58482 24195
58482 24521
58482 3856
58482 42
58482 45102
58482 45707
58482 55666
58482 55685
58482 55699
58482 58381
58482 63859
58482 64315
58482 7597
58482 7713
 58487
58487 
58487 10217
58487 131758
58487 133812
58487 135484
58487 136879
58487 17451
58487 18103
58487 20940
58487 23693
58487 23756
58487 24195
58487 24521
58487 3856
58487 42
58487 45102
58487 45707
58487 55666
58487 55685
58487 55699
58487 58381
58487 63859
58487 64315
58487 7597
58487 7713
 58495
58495 
58495 10217
58495 131758
58495 133812
58495 135484
58495 136879
58495 17451
58495 18103
58495 20940
58495 23693
58495 23756
58495 24195
58495 24521
58495 3856
58495 42
58495 45102
58495 45707
58495 55666
58495 55685
58495 55699
58495 58381
58495 63859
58495 64315
58495 7597
58495 7713
 58514
58514 
58514 10217
58514 131758
58514 133812
58514 135484
58514 136879
58514 17451
58514 18103
58514 20940
58514 23693
58514 23756
58514 24195
58514 24521
58514 3856
58514 42
58514 45102
58514 45707
58514 55666
58514 55685
58514 55699
58514 58381
58514 63859
58514 64315
58514 7597
58514 7713
 58815
58815 
58815 10217
58815 131758
58815 133812
58815 135484
58815 136879
58815 17451
58815 18103
58815 20940
58815 23693
58815 23756
58815 24195
58815 24521
58815 3856
58815 42
58815 45102
58815 45707
58815 55666
58815 55685
58815 55699
58815 58381
58815 63859
58815 64315
58815 7597
58815 7713
 59139
59139 
59139 10217
59139 131758
59139 133812
59139 135484
59139 136879
59139 17451
59139 18103
59139 20940
59139 23693
59139 23756
59139 24195
59139 24521
59139 3856
59139 42
59139 45102
59139 45707
59139 55666
59139 55685
59139 55699
59139 58381
59139 63859
59139 64315
59139 7597
59139 7713
 59147
59147 
59147 10217
59147 131758
59147 133812
59147 135484
59147 136879
59147 17451
59147 18103
59147 20940
59147 23693
59147 23756
59147 24195
59147 24521
59147 3856
59147 42
59147 45102
59147 45707
59147 55666
59147 55685
59147 55699
59147 58381
59147 63859
59147 64315
59147 7597
59147 7713
 59149
59149 
59149 10217
59149 131758
59149 133812
59149 135484
59149 136879
59149 17451
59149 18103
59149 20940
59149 23693
59149 23756
59149 24195
59149 24521
59149 3856
59149 42
59149 45102
59149 45707
59149 55666
59149 55685
59149 55699
59149 58381
59149 63859
59149 64315
59149 7597
59149 7713
 59155
59155 
59155 10217
59155 131758
59155 133812
59155 135484
59155 136879
59155 17451
59155 18103
59155 20940
59155 23693
59155 23756
59155 24195
59155 24521
59155 3856
59155 42
59155 45102
59155 45707
59155 55666
59155 55685
59155 55699
59155 58381
59155 63859
59155 64315
59155 7597
59155 7713
 59158
59158 
59158 10217
59158 131758
59158 133812
59158 135484
59158 136879
59158 17451
59158 18103
59158 20940
59158 23693
59158 23756
59158 24195
59158 24521
59158 3856
59158 42
59158 45102
59158 45707
59158 55666
59158 55685
59158 55699
59158 58381
59158 63859
59158 64315
59158 7597
59158 7713
 59285
59285 
59285 10217
59285 131758
59285 133812
59285 135484
59285 136879
59285 17451
59285 18103
59285 20940
59285 23693
59285 23756
59285 24195
59285 24521
59285 3856
59285 42
59285 45102
59285 45707
59285 55666
59285 55685
59285 55699
59285 58381
59285 63859
59285 64315
59285 7597
59285 7713
 63490
63490 
63490 10217
63490 131758
63490 133812
63490 135484
63490 136879
63490 17451
63490 18103
63490 20940
63490 23693
63490 23756
63490 24195
63490 24521
63490 3856
63490 42
63490 45102
63490 45707
63490 55666
63490 55685
63490 55699
63490 58381
63490 63859
63490 64315
63490 7597
63490 7713
 63501
63501 
63501 10217
63501 131758
63501 133812
63501 135484
63501 136879
63501 17451
63501 18103
63501 20940
63501 23693
63501 23756
63501 24195
63501 24521
63501 3856
63501 42
63501 45102
63501 45707
63501 55666
63501 55685
63501 55699
63501 58381
63501 63859
63501 64315
63501 7597
63501 7713
63859 131706
63859 131711
63859 131717
63859 131749
63859 131755
63859 131767
63859 131769
63859 132164
63859 133352
63859 133804
63859 133811
63859 133819
63859 133838
63859 134622
63859 134643
63859 134651
63859 135439
63859 135484
63859 136119
63859 136127
63859 136821
63859 136840
63859 137295
63859 17451
63859 17538
63859 17670
63859 17671
63859 18393
63859 23693
63859 23699
63859 23947
63859 23948
63859 23951
63859 23953
63859 24204
63859 24523
63859 24528
63859 24529
63859 24532
63859 24534
63859 24535
63859 38147
63859 38148
63859 38156
63859 38496
63859 38501
63859 38522
63859 38524
63859 38753
63859 38768
63859 38770
63859 38896
63859 42
63859 45298
63859 45302
63859 45710
63859 45716
63859 45731
63859 45786
63859 46023
63859 4787
63859 4795
63859 4800
63859 4833
63859 4855
63859 55653
63859 55663
63859 55666
63859 55685
63859 55687
63859 55699
63859 58376
63859 58379
63859 58404
63859 58474
63859 58482
63859 58487
63859 58495
63859 58514
63859 58815
63859 59139
63859 59147
63859 59149
63859 59155
63859 59158
63859 59285
63859 63490
63859 63501
63859 7597
63859 9326
63859 9785
63859 9875
64315 131706
64315 131711
64315 131717
64315 131749
64315 131755
64315 131767
64315 131769
64315 132164
64315 133352
64315 133804
64315 133811
64315 133819
64315 133838
64315 134622
64315 134643
64315 134651
64315 135439
64315 135484
64315 136119
64315 136127
64315 136821
64315 136840
64315 137295
64315 17451
64315 17538
64315 17670
64315 17671
64315 18393
64315 23693
64315 23699
64315 23947
64315 23948
64315 23951
64315 23953
64315 24204
64315 24523
64315 24528
64315 24529
64315 24532
64315 24534
64315 24535
64315 38147
64315 38148
64315 38156
64315 38496
64315 38501
64315 38522
64315 38524
64315 38753
64315 38768
64315 38770
64315 38896
64315 42
64315 45298
64315 45302
64315 45710
64315 45716
64315 45731
64315 45786
64315 46023
64315 4787
64315 4795
64315 4800
64315 4833
64315 4855
64315 55653
64315 55663
64315 55666
64315 55685
64315 55687
64315 55699
64315 58376
64315 58379
64315 58404
64315 58474
64315 58482
64315 58487
64315 58495
64315 58514
64315 58815
64315 59139
64315 59147
64315 59149
64315 59155
64315 59158
64315 59285
64315 63490
64315 63501
64315 7597
64315 9326
64315 9785
64315 9875
 7597
7597 
7597 10217
7597 131706
7597 131711
7597 131717
7597 131749
7597 131755
7597 131758
7597 131767
7597 131769
7597 132164
7597 133352
7597 133804
7597 133811
7597 133812
7597 133819
7597 133838
7597 134622
7597 134643
7597 134651
7597 135439
7597 135484
7597 136119
7597 136127
7597 136821
7597 136840
7597 136879
7597 137295
7597 17451
7597 17538
7597 17670
7597 17671
7597 18103
7597 18393
7597 20940
7597 23693
7597 23699
7597 23756
7597 23947
7597 23948
7597 23951
7597 23953
7597 24195
7597 24204
7597 24521
7597 24523
7597 24528
7597 24529
7597 24532
7597 24534
7597 24535
7597 38147
7597 38148
7597 38156
7597 38496
7597 38501
7597 38522
7597 38524
7597 3856
7597 38753
7597 38768
7597 38770
7597 38896
7597 42
7597 45102
7597 45298
7597 45302
7597 45707
7597 45710
7597 45716
7597 45731
7597 45786
7597 46023
7597 4787
7597 4795
7597 4800
7597 4833
7597 4855
7597 55653
7597 55663
7597 55666
7597 55685
7597 55687
7597 55699
7597 58376
7597 58379
7597 58381
7597 58404
7597 58474
7597 58482
7597 58487
7597 58495
7597 58514
7597 58815
7597 59139
7597 59147
7597 59149
7597 59155
7597 59158
7597 59285
7597 63490
7597 63501
7597 63859
7597 64315
7597 7713
7597 9326
7597 9785
7597 9875
7713 131706
7713 131711
7713 131717
7713 131749
7713 131755
7713 131767
7713 131769
7713 132164
7713 133352
7713 133804
7713 133811
7713 133819
7713 133838
7713 134622
7713 134643
7713 134651
7713 135439
7713 135484
7713 136119
7713 136127
7713 136821
7713 136840
7713 137295
7713 17451
7713 17538
7713 17670
7713 17671
7713 18393
7713 23693
7713 23699
7713 23947
7713 23948
7713 23951
7713 23953
7713 24204
7713 24523
7713 24528
7713 24529
7713 24532
7713 24534
7713 24535
7713 38147
7713 38148
7713 38156
7713 38496
7713 38501
7713 38522
7713 38524
7713 38753
7713 38768
7713 38770
7713 38896
7713 42
7713 45298
7713 45302
7713 45710
7713 45716
7713 45731
7713 45786
7713 46023
7713 4787
7713 4795
7713 4800
7713 4833
7713 4855
7713 55653
7713 55663
7713 55666
7713 55685
7713 55687
7713 55699
7713 58376
7713 58379
7713 58404
7713 58474
7713 58482
7713 58487
7713 58495
7713 58514
7713 58815
7713 59139
7713 59147
7713 59149
7713 59155
7713 59158
7713 59285
7713 63490
7713 63501
7713 7597
7713 9326
7713 9785
7713 9875
 9326
9326 
9326 10217
9326 131758
9326 133812
9326 135484
9326 136879
9326 17451
9326 18103
9326 20940
9326 23693
9326 23756
9326 24195
9326 24521
9326 3856
9326 42
9326 45102
9326 45707
9326 55666
9326 55685
9326 55699
9326 58381
9326 63859
9326 64315
9326 7597
9326 7713
 9785
9785 
9785 10217
9785 131758
9785 133812
9785 135484
9785 136879
9785 17451
9785 18103
9785 20940
9785 23693
9785 23756
9785 24195
9785 24521
9785 3856
9785 42
9785 45102
9785 45707
9785 55666
9785 55685
9785 55699
9785 58381
9785 63859
9785 64315
9785 7597
9785 7713
 9875
9875 
9875 10217
9875 131758
9875 133812
9875 135484
9875 136879
9875 17451
9875 18103
9875 20940
9875 23693
9875 23756
9875 24195
9875 24521
9875 3856
9875 42
9875 45102
9875 45707
9875 55666
9875 55685
9875 55699
9875 58381
9875 63859
9875 64315
9875 7597
9875 7713
