10310 12388
10310 22822
10310 31641
10310 39093
10310 41811
10310 43599
10310 47720
10310 61145
10310 61186
10310 6507
10310 7713
12041 12388
12041 22822
12041 31641
12041 39093
12041 41811
12041 43599
12041 47720
12041 61145
12041 61186
12041 6507
12041 7713
1213 12388
1213 22822
1213 31641
1213 39093
1213 41811
1213 43599
1213 47720
1213 61145
1213 61186
1213 6507
1213 7713
 12388
12388 
12388 10310
12388 12041
12388 1213
12388 1273
12388 13237
12388 13335
12388 14413
12388 14537
12388 15169
12388 15405
12388 15502
12388 15533
12388 15612
12388 15806
12388 16171
12388 16509
12388 196737
12388 197853
12388 198988
12388 199256
12388 199346
12388 200005
12388 200046
12388 200562
12388 201607
12388 203109
12388 203262
12388 203754
12388 204536
12388 206663
12388 206723
12388 207044
12388 20940
12388 2110
12388 21320
12388 22822
12388 24637
12388 25441
12388 2906
12388 30900
12388 31084
12388 31122
12388 31641
12388 32934
12388 34218
12388 34245
12388 34505
12388 35226
12388 36692
12388 39093
12388 39122
12388 39233
12388 39319
12388 39449
12388 39915
12388 41073
12388 41678
12388 41736
12388 41811
12388 42090
12388 42227
12388 42310
12388 42473
12388 43192
12388 43406
12388 43531
12388 43599
12388 43984
12388 44212
12388 44384
12388 44451
12388 47580
12388 47680
12388 47720
12388 47762
12388 47942
12388 48142
12388 49567
12388 50088
12388 50326
12388 51677
12388 5400
12388 5466
12388 56767
12388 60277
12388 61145
12388 61186
12388 61194
12388 61337
12388 6185
12388 62059
12388 62455
12388 6507
12388 6830
12388 6939
12388 702
12388 714
12388 7713
12388 8075
12388 8220
1273 12388
1273 22822
1273 31641
1273 39093
1273 41811
1273 43599
1273 47720
1273 61145
1273 61186
1273 6507
1273 7713
13237 12388
13237 22822
13237 31641
13237 39093
13237 41811
13237 43599
13237 47720
13237 61145
13237 61186
13237 6507
13237 7713
13335 12388
13335 22822
13335 31641
13335 39093
13335 41811
13335 43599
13335 47720
13335 61145
13335 61186
13335 6507
13335 7713
14413 12388
14413 22822
14413 31641
14413 39093
14413 41811
14413 43599
14413 47720
14413 61145
14413 61186
14413 6507
14413 7713
14537 12388
14537 22822
14537 31641
14537 39093
14537 41811
14537 43599
14537 47720
14537 61145
14537 61186
14537 6507
14537 7713
15169 12388
15169 22822
15169 31641
15169 39093
15169 41811
15169 43599
15169 47720
15169 61145
15169 61186
15169 6507
15169 7713
15405 12388
15405 22822
15405 31641
15405 39093
15405 41811
15405 43599
15405 47720
15405 61145
15405 61186
15405 6507
15405 7713
15502 12388
15502 22822
15502 31641
15502 39093
15502 41811
15502 43599
15502 47720
15502 61145
15502 61186
15502 6507
15502 7713
15533 12388
15533 22822
15533 31641
15533 39093
15533 41811
15533 43599
15533 47720
15533 61145
15533 61186
15533 6507
15533 7713
15612 12388
15612 22822
15612 31641
15612 39093
15612 41811
15612 43599
15612 47720
15612 61145
15612 61186
15612 6507
15612 7713
15806 12388
15806 22822
15806 31641
15806 39093
15806 41811
15806 43599
15806 47720
15806 61145
15806 61186
15806 6507
15806 7713
16171 12388
16171 22822
16171 31641
16171 39093
16171 41811
16171 43599
16171 47720
16171 61145
16171 61186
16171 6507
16171 7713
16509 12388
16509 22822
16509 31641
16509 39093
16509 41811
16509 43599
16509 47720
16509 61145
16509 61186
16509 6507
16509 7713
196737 12388
196737 22822
196737 31641
196737 39093
196737 41811
196737 43599
196737 47720
196737 61145
196737 61186
196737 6507
196737 7713
197853 12388
197853 22822
197853 31641
197853 39093
197853 41811
197853 43599
197853 47720
197853 61145
197853 61186
197853 6507
197853 7713
198988 12388
198988 22822
198988 31641
198988 39093
198988 41811
198988 43599
198988 47720
198988 61145
198988 61186
198988 6507
198988 7713
199256 12388
199256 22822
199256 31641
199256 39093
199256 41811
199256 43599
199256 47720
199256 61145
199256 61186
199256 6507
199256 7713
199346 12388
199346 22822
199346 31641
199346 39093
199346 41811
199346 43599
199346 47720
199346 61145
199346 61186
199346 6507
199346 7713
200005 12388
200005 22822
200005 31641
200005 39093
200005 41811
200005 43599
200005 47720
200005 61145
200005 61186
200005 6507
200005 7713
200046 12388
200046 22822
200046 31641
200046 39093
200046 41811
200046 43599
200046 47720
200046 61145
200046 61186
200046 6507
200046 7713
200562 12388
200562 22822
200562 31641
200562 39093
200562 41811
200562 43599
200562 47720
200562 61145
200562 61186
200562 6507
200562 7713
201607 12388
201607 22822
201607 31641
201607 39093
201607 41811
201607 43599
201607 47720
201607 61145
201607 61186
201607 6507
201607 7713
203109 12388
203109 22822
203109 31641
203109 39093
203109 41811
203109 43599
203109 47720
203109 61145
203109 61186
203109 6507
203109 7713
203262 12388
203262 22822
203262 31641
203262 39093
203262 41811
203262 43599
203262 47720
203262 61145
203262 61186
203262 6507
203262 7713
203754 12388
203754 22822
203754 31641
203754 39093
203754 41811
203754 43599
203754 47720
203754 61145
203754 61186
203754 6507
203754 7713
204536 12388
204536 22822
204536 31641
204536 39093
204536 41811
204536 43599
204536 47720
204536 61145
204536 61186
204536 6507
204536 7713
206663 12388
206663 22822
206663 31641
206663 39093
206663 41811
206663 43599
206663 47720
206663 61145
206663 61186
206663 6507
206663 7713
206723 12388
206723 22822
206723 31641
206723 39093
206723 41811
206723 43599
206723 47720
206723 61145
206723 61186
206723 6507
206723 7713
207044 12388
207044 22822
207044 31641
207044 39093
207044 41811
207044 43599
207044 47720
207044 61145
207044 61186
207044 6507
207044 7713
20940 12388
20940 22822
20940 31641
20940 39093
20940 41811
20940 43599
20940 47720
20940 61145
20940 61186
20940 6507
20940 7713
2110 12388
2110 22822
2110 31641
2110 39093
2110 41811
2110 43599
2110 47720
2110 61145
2110 61186
2110 6507
2110 7713
21320 12388
21320 22822
21320 31641
21320 39093
21320 41811
21320 43599
21320 47720
21320 61145
21320 61186
21320 6507
21320 7713
 22822
22822 
22822 10310
22822 12041
22822 1213
22822 12388
22822 1273
22822 13237
22822 13335
22822 14413
22822 14537
22822 15169
22822 15405
22822 15502
22822 15533
22822 15612
22822 15806
22822 16171
22822 16509
22822 196737
22822 197853
22822 198988
22822 199256
22822 199346
22822 200005
22822 200046
22822 200562
22822 201607
22822 203109
22822 203262
22822 203754
22822 204536
22822 206663
22822 206723
22822 207044
22822 20940
22822 2110
22822 21320
22822 24637
22822 25441
22822 2906
22822 30900
22822 31084
22822 31122
22822 31641
22822 32934
22822 34218
22822 34245
22822 34505
22822 35226
22822 36692
22822 39093
22822 39122
22822 39233
22822 39319
22822 39449
22822 39915
22822 41073
22822 41678
22822 41736
22822 41811
22822 42090
22822 42227
22822 42310
22822 42473
22822 43192
22822 43406
22822 43531
22822 43599
22822 43984
22822 44212
22822 44384
22822 44451
22822 47580
22822 47680
22822 47720
22822 47762
22822 47942
22822 48142
22822 49567
22822 50088
22822 50326
22822 51677
22822 5400
22822 5466
22822 56767
22822 60277
22822 61145
22822 61186
22822 61194
22822 61337
22822 6185
22822 62059
22822 62455
22822 6507
22822 6830
22822 6939
22822 702
22822 714
22822 7713
22822 8075
22822 8220
24637 12388
24637 22822
24637 31641
24637 39093
24637 41811
24637 43599
24637 47720
24637 61145
24637 61186
24637 6507
24637 7713
25441 12388
25441 22822
25441 31641
25441 39093
25441 41811
25441 43599
25441 47720
25441 61145
25441 61186
25441 6507
25441 7713
2906 12388
2906 22822
2906 31641
2906 39093
2906 41811
2906 43599
2906 47720
2906 61145
2906 61186
2906 6507
2906 7713
30900 12388
30900 22822
30900 31641
30900 39093
30900 41811
30900 43599
30900 47720
30900 61145
30900 61186
30900 6507
30900 7713
31084 12388
31084 22822
31084 31641
31084 39093
31084 41811
31084 43599
31084 47720
31084 61145
31084 61186
31084 6507
31084 7713
31122 12388
31122 22822
31122 31641
31122 39093
31122 41811
31122 43599
31122 47720
31122 61145
31122 61186
31122 6507
31122 7713
 31641
31641 
31641 10310
31641 12041
31641 1213
31641 12388
31641 1273
31641 13237
31641 13335
31641 14413
31641 14537
31641 15169
31641 15405
31641 15502
31641 15533
31641 15612
31641 15806
31641 16171
31641 16509
31641 196737
31641 197853
31641 198988
31641 199256
31641 199346
31641 200005
31641 200046
31641 200562
31641 201607
31641 203109
31641 203262
31641 203754
31641 204536
31641 206663
31641 206723
31641 207044
31641 20940
31641 2110
31641 21320
31641 22822
31641 24637
31641 25441
31641 2906
31641 30900
31641 31084
31641 31122
31641 32934
31641 34218
31641 34245
31641 34505
31641 35226
31641 36692
31641 39093
31641 39122
31641 39233
31641 39319
31641 39449
31641 39915
31641 41073
31641 41678
31641 41736
31641 41811
31641 42090
31641 42227
31641 42310
31641 42473
31641 43192
31641 43406
31641 43531
31641 43599
31641 43984
31641 44212
31641 44384
31641 44451
31641 47580
31641 47680
31641 47720
31641 47762
31641 47942
31641 48142
31641 49567
31641 50088
31641 50326
31641 51677
31641 5400
31641 5466
31641 56767
31641 60277
31641 61145
31641 61186
31641 61194
31641 61337
31641 6185
31641 62059
31641 62455
31641 6507
31641 6830
31641 6939
31641 702
31641 714
31641 7713
31641 8075
31641 8220
32934 12388
32934 22822
32934 31641
32934 39093
32934 41811
32934 43599
32934 47720
32934 61145
32934 61186
32934 6507
32934 7713
34218 12388
34218 22822
34218 31641
34218 39093
34218 41811
34218 43599
34218 47720
34218 61145
34218 61186
34218 6507
34218 7713
34245 12388
34245 22822
34245 31641
34245 39093
34245 41811
34245 43599
34245 47720
34245 61145
34245 61186
34245 6507
34245 7713
34505 12388
34505 22822
34505 31641
34505 39093
34505 41811
34505 43599
34505 47720
34505 61145
34505 61186
34505 6507
34505 7713
35226 12388
35226 22822
35226 31641
35226 39093
35226 41811
35226 43599
35226 47720
35226 61145
35226 61186
35226 6507
35226 7713
36692 12388
36692 22822
36692 31641
36692 39093
36692 41811
36692 43599
36692 47720
36692 61145
36692 61186
36692 6507
36692 7713
 39093
39093 
39093 10310
39093 12041
39093 1213
39093 12388
39093 1273
39093 13237
39093 13335
39093 14413
39093 14537
39093 15169
39093 15405
39093 15502
39093 15533
39093 15612
39093 15806
39093 16171
39093 16509
39093 196737
39093 197853
39093 198988
39093 199256
39093 199346
39093 200005
39093 200046
39093 200562
39093 201607
39093 203109
39093 203262
39093 203754
39093 204536
39093 206663
39093 206723
39093 207044
39093 20940
39093 2110
39093 21320
39093 22822
39093 24637
39093 25441
39093 2906
39093 30900
39093 31084
39093 31122
39093 31641
39093 32934
39093 34218
39093 34245
39093 34505
39093 35226
39093 36692
39093 39122
39093 39233
39093 39319
39093 39449
39093 39915
39093 41073
39093 41678
39093 41736
39093 41811
39093 42090
39093 42227
39093 42310
39093 42473
39093 43192
39093 43406
39093 43531
39093 43599
39093 43984
39093 44212
39093 44384
39093 44451
39093 47580
39093 47680
39093 47720
39093 47762
39093 47942
39093 48142
39093 49567
39093 50088
39093 50326
39093 51677
39093 5400
39093 5466
39093 56767
39093 60277
39093 61145
39093 61186
39093 61194
39093 61337
39093 6185
39093 62059
39093 62455
39093 6507
39093 6830
39093 6939
39093 702
39093 714
39093 7713
39093 8075
39093 8220
39122 12388
39122 22822
39122 31641
39122 39093
39122 41811
39122 43599
39122 47720
39122 61145
39122 61186
39122 6507
39122 7713
39233 12388
39233 22822
39233 31641
39233 39093
39233 41811
39233 43599
39233 47720
39233 61145
39233 61186
39233 6507
39233 7713
39319 12388
39319 22822
39319 31641
39319 39093
39319 41811
39319 43599
39319 47720
39319 61145
39319 61186
39319 6507
39319 7713
39449 12388
39449 22822
39449 31641
39449 39093
39449 41811
39449 43599
39449 47720
39449 61145
39449 61186
39449 6507
39449 7713
39915 12388
39915 22822
39915 31641
39915 39093
39915 41811
39915 43599
39915 47720
39915 61145
39915 61186
39915 6507
39915 7713
41073 12388
41073 22822
41073 31641
41073 39093
41073 41811
41073 43599
41073 47720
41073 61145
41073 61186
41073 6507
41073 7713
41678 12388
41678 22822
41678 31641
41678 39093
41678 41811
41678 43599
41678 47720
41678 61145
41678 61186
41678 6507
41678 7713
41736 12388
41736 22822
41736 31641
41736 39093
41736 41811
41736 43599
41736 47720
41736 61145
41736 61186
41736 6507
41736 7713
 41811
41811 
41811 10310
41811 12041
41811 1213
41811 12388
41811 1273
41811 13237
41811 13335
41811 14413
41811 14537
41811 15169
41811 15405
41811 15502
41811 15533
41811 15612
41811 15806
41811 16171
41811 16509
41811 196737
41811 197853
41811 198988
41811 199256
41811 199346
41811 200005
41811 200046
41811 200562
41811 201607
41811 203109
41811 203262
41811 203754
41811 204536
41811 206663
41811 206723
41811 207044
41811 20940
41811 2110
41811 21320
41811 22822
41811 24637
41811 25441
41811 2906
41811 30900
41811 31084
41811 31122
41811 31641
41811 32934
41811 34218
41811 34245
41811 34505
41811 35226
41811 36692
41811 39093
41811 39122
41811 39233
41811 39319
41811 39449
41811 39915
41811 41073
41811 41678
41811 41736
41811 42090
41811 42227
41811 42310
41811 42473
41811 43192
41811 43406
41811 43531
41811 43599
41811 43984
41811 44212
41811 44384
41811 44451
41811 47580
41811 47680
41811 47720
41811 47762
41811 47942
41811 48142
41811 49567
41811 50088
41811 50326
41811 51677
41811 5400
41811 5466
41811 56767
41811 60277
41811 61145
41811 61186
41811 61194
41811 61337
41811 6185
41811 62059
41811 62455
41811 6507
41811 6830
41811 6939
41811 702
41811 714
41811 7713
41811 8075
41811 8220
42090 12388
42090 22822
42090 31641
42090 39093
42090 41811
42090 43599
42090 47720
42090 61145
42090 61186
42090 6507
42090 7713
42227 12388
42227 22822
42227 31641
42227 39093
42227 41811
42227 43599
42227 47720
42227 61145
42227 61186
42227 6507
42227 7713
42310 12388
42310 22822
42310 31641
42310 39093
42310 41811
42310 43599
42310 47720
42310 61145
42310 61186
42310 6507
42310 7713
42473 12388
42473 22822
42473 31641
42473 39093
42473 41811
42473 43599
42473 47720
42473 61145
42473 61186
42473 6507
42473 7713
43192 12388
43192 22822
43192 31641
43192 39093
43192 41811
43192 43599
43192 47720
43192 61145
43192 61186
43192 6507
43192 7713
43406 12388
43406 22822
43406 31641
43406 39093
43406 41811
43406 43599
43406 47720
43406 61145
43406 61186
43406 6507
43406 7713
43531 12388
43531 22822
43531 31641
43531 39093
43531 41811
43531 43599
43531 47720
43531 61145
43531 61186
43531 6507
43531 7713
 43599
43599 
43599 10310
43599 12041
43599 1213
43599 12388
43599 1273
43599 13237
43599 13335
43599 14413
43599 14537
43599 15169
43599 15405
43599 15502
43599 15533
43599 15612
43599 15806
43599 16171
43599 16509
43599 196737
43599 197853
43599 198988
43599 199256
43599 199346
43599 200005
43599 200046
43599 200562
43599 201607
43599 203109
43599 203262
43599 203754
43599 204536
43599 206663
43599 206723
43599 207044
43599 20940
43599 2110
43599 21320
43599 22822
43599 24637
43599 25441
43599 2906
43599 30900
43599 31084
43599 31122
43599 31641
43599 32934
43599 34218
43599 34245
43599 34505
43599 35226
43599 36692
43599 39093
43599 39122
43599 39233
43599 39319
43599 39449
43599 39915
43599 41073
43599 41678
43599 41736
43599 41811
43599 42090
43599 42227
43599 42310
43599 42473
43599 43192
43599 43406
43599 43531
43599 43984
43599 44212
43599 44384
43599 44451
43599 47580
43599 47680
43599 47720
43599 47762
43599 47942
43599 48142
43599 49567
43599 50088
43599 50326
43599 51677
43599 5400
43599 5466
43599 56767
43599 60277
43599 61145
43599 61186
43599 61194
43599 61337
43599 6185
43599 62059
43599 62455
43599 6507
43599 6830
43599 6939
43599 702
43599 714
43599 7713
43599 8075
43599 8220
43984 12388
43984 22822
43984 31641
43984 39093
43984 41811
43984 43599
43984 47720
43984 61145
43984 61186
43984 6507
43984 7713
44212 12388
44212 22822
44212 31641
44212 39093
44212 41811
44212 43599
44212 47720
44212 61145
44212 61186
44212 6507
44212 7713
44384 12388
44384 22822
44384 31641
44384 39093
44384 41811
44384 43599
44384 47720
44384 61145
44384 61186
44384 6507
44384 7713
44451 12388
44451 22822
44451 31641
44451 39093
44451 41811
44451 43599
44451 47720
44451 61145
44451 61186
44451 6507
44451 7713
47580 12388
47580 22822
47580 31641
47580 39093
47580 41811
47580 43599
47580 47720
47580 61145
47580 61186
47580 6507
47580 7713
47680 12388
47680 22822
47680 31641
47680 39093
47680 41811
47680 43599
47680 47720
47680 61145
47680 61186
47680 6507
47680 7713
 47720
47720 
47720 10310
47720 12041
47720 1213
47720 12388
47720 1273
47720 13237
47720 13335
47720 14413
47720 14537
47720 15169
47720 15405
47720 15502
47720 15533
47720 15612
47720 15806
47720 16171
47720 16509
47720 196737
47720 197853
47720 198988
47720 199256
47720 199346
47720 200005
47720 200046
47720 200562
47720 201607
47720 203109
47720 203262
47720 203754
47720 204536
47720 206663
47720 206723
47720 207044
47720 20940
47720 2110
47720 21320
47720 22822
47720 24637
47720 25441
47720 2906
47720 30900
47720 31084
47720 31122
47720 31641
47720 32934
47720 34218
47720 34245
47720 34505
47720 35226
47720 36692
47720 39093
47720 39122
47720 39233
47720 39319
47720 39449
47720 39915
47720 41073
47720 41678
47720 41736
47720 41811
47720 42090
47720 42227
47720 42310
47720 42473
47720 43192
47720 43406
47720 43531
47720 43599
47720 43984
47720 44212
47720 44384
47720 44451
47720 47580
47720 47680
47720 47762
47720 47942
47720 48142
47720 49567
47720 50088
47720 50326
47720 51677
47720 5400
47720 5466
47720 56767
47720 60277
47720 61145
47720 61186
47720 61194
47720 61337
47720 6185
47720 62059
47720 62455
47720 6507
47720 6830
47720 6939
47720 702
47720 714
47720 7713
47720 8075
47720 8220
47762 12388
47762 22822
47762 31641
47762 39093
47762 41811
47762 43599
47762 47720
47762 61145
47762 61186
47762 6507
47762 7713
47942 12388
47942 22822
47942 31641
47942 39093
47942 41811
47942 43599
47942 47720
47942 61145
47942 61186
47942 6507
47942 7713
48142 12388
48142 22822
48142 31641
48142 39093
48142 41811
48142 43599
48142 47720
48142 61145
48142 61186
48142 6507
48142 7713
49567 12388
49567 22822
49567 31641
49567 39093
49567 41811
49567 43599
49567 47720
49567 61145
49567 61186
49567 6507
49567 7713
50088 12388
50088 22822
50088 31641
50088 39093
50088 41811
50088 43599
50088 47720
50088 61145
50088 61186
50088 6507
50088 7713
50326 12388
50326 22822
50326 31641
50326 39093
50326 41811
50326 43599
50326 47720
50326 61145
50326 61186
50326 6507
50326 7713
51677 12388
51677 22822
51677 31641
51677 39093
51677 41811
51677 43599
51677 47720
51677 61145
51677 61186
51677 6507
51677 7713
5400 12388
5400 22822
5400 31641
5400 39093
5400 41811
5400 43599
5400 47720
5400 61145
5400 61186
5400 6507
5400 7713
5466 12388
5466 22822
5466 31641
5466 39093
5466 41811
5466 43599
5466 47720
5466 61145
5466 61186
5466 6507
5466 7713
56767 12388
56767 22822
56767 31641
56767 39093
56767 41811
56767 43599
56767 47720
56767 61145
56767 61186
56767 6507
56767 7713
60277 12388
60277 22822
60277 31641
60277 39093
60277 41811
60277 43599
60277 47720
60277 61145
60277 61186
60277 6507
60277 7713
 61145
61145 
61145 10310
61145 12041
61145 1213
61145 12388
61145 1273
61145 13237
61145 13335
61145 14413
61145 14537
61145 15169
61145 15405
61145 15502
61145 15533
61145 15612
61145 15806
61145 16171
61145 16509
61145 196737
61145 197853
61145 198988
61145 199256
61145 199346
61145 200005
61145 200046
61145 200562
61145 201607
61145 203109
61145 203262
61145 203754
61145 204536
61145 206663
61145 206723
61145 207044
61145 20940
61145 2110
61145 21320
61145 22822
61145 24637
61145 25441
61145 2906
61145 30900
61145 31084
61145 31122
61145 31641
61145 32934
61145 34218
61145 34245
61145 34505
61145 35226
61145 36692
61145 39093
61145 39122
61145 39233
61145 39319
61145 39449
61145 39915
61145 41073
61145 41678
61145 41736
61145 41811
61145 42090
61145 42227
61145 42310
61145 42473
61145 43192
61145 43406
61145 43531
61145 43599
61145 43984
61145 44212
61145 44384
61145 44451
61145 47580
61145 47680
61145 47720
61145 47762
61145 47942
61145 48142
61145 49567
61145 50088
61145 50326
61145 51677
61145 5400
61145 5466
61145 56767
61145 60277
61145 61186
61145 61194
61145 61337
61145 6185
61145 62059
61145 62455
61145 6507
61145 6830
61145 6939
61145 702
61145 714
61145 7713
61145 8075
61145 8220
 61186
61186 
61186 10310
61186 12041
61186 1213
61186 12388
61186 1273
61186 13237
61186 13335
61186 14413
61186 14537
61186 15169
61186 15405
61186 15502
61186 15533
61186 15612
61186 15806
61186 16171
61186 16509
61186 196737
61186 197853
61186 198988
61186 199256
61186 199346
61186 200005
61186 200046
61186 200562
61186 201607
61186 203109
61186 203262
61186 203754
61186 204536
61186 206663
61186 206723
61186 207044
61186 20940
61186 2110
61186 21320
61186 22822
61186 24637
61186 25441
61186 2906
61186 30900
61186 31084
61186 31122
61186 31641
61186 32934
61186 34218
61186 34245
61186 34505
61186 35226
61186 36692
61186 39093
61186 39122
61186 39233
61186 39319
61186 39449
61186 39915
61186 41073
61186 41678
61186 41736
61186 41811
61186 42090
61186 42227
61186 42310
61186 42473
61186 43192
61186 43406
61186 43531
61186 43599
61186 43984
61186 44212
61186 44384
61186 44451
61186 47580
61186 47680
61186 47720
61186 47762
61186 47942
61186 48142
61186 49567
61186 50088
61186 50326
61186 51677
61186 5400
61186 5466
61186 56767
61186 60277
61186 61145
61186 61194
61186 61337
61186 6185
61186 62059
61186 62455
61186 6507
61186 6830
61186 6939
61186 702
61186 714
61186 7713
61186 8075
61186 8220
61194 12388
61194 22822
61194 31641
61194 39093
61194 41811
61194 43599
61194 47720
61194 61145
61194 61186
61194 6507
61194 7713
61337 12388
61337 22822
61337 31641
61337 39093
61337 41811
61337 43599
61337 47720
61337 61145
61337 61186
61337 6507
61337 7713
6185 12388
6185 22822
6185 31641
6185 39093
6185 41811
6185 43599
6185 47720
6185 61145
6185 61186
6185 6507
6185 7713
62059 12388
62059 22822
62059 31641
62059 39093
62059 41811
62059 43599
62059 47720
62059 61145
62059 61186
62059 6507
62059 7713
62455 12388
62455 22822
62455 31641
62455 39093
62455 41811
62455 43599
62455 47720
62455 61145
62455 61186
62455 6507
62455 7713
 6507
6507 
6507 10310
6507 12041
6507 1213
6507 12388
6507 1273
6507 13237
6507 13335
6507 14413
6507 14537
6507 15169
6507 15405
6507 15502
6507 15533
6507 15612
6507 15806
6507 16171
6507 16509
6507 196737
6507 197853
6507 198988
6507 199256
6507 199346
6507 200005
6507 200046
6507 200562
6507 201607
6507 203109
6507 203262
6507 203754
6507 204536
6507 206663
6507 206723
6507 207044
6507 20940
6507 2110
6507 21320
6507 22822
6507 24637
6507 25441
6507 2906
6507 30900
6507 31084
6507 31122
6507 31641
6507 32934
6507 34218
6507 34245
6507 34505
6507 35226
6507 36692
6507 39093
6507 39122
6507 39233
6507 39319
6507 39449
6507 39915
6507 41073
6507 41678
6507 41736
6507 41811
6507 42090
6507 42227
6507 42310
6507 42473
6507 43192
6507 43406
6507 43531
6507 43599
6507 43984
6507 44212
6507 44384
6507 44451
6507 47580
6507 47680
6507 47720
6507 47762
6507 47942
6507 48142
6507 49567
6507 50088
6507 50326
6507 51677
6507 5400
6507 5466
6507 56767
6507 60277
6507 61145
6507 61186
6507 61194
6507 61337
6507 6185
6507 62059
6507 62455
6507 6830
6507 6939
6507 702
6507 714
6507 7713
6507 8075
6507 8220
6830 12388
6830 22822
6830 31641
6830 39093
6830 41811
6830 43599
6830 47720
6830 61145
6830 61186
6830 6507
6830 7713
6939 12388
6939 22822
6939 31641
6939 39093
6939 41811
6939 43599
6939 47720
6939 61145
6939 61186
6939 6507
6939 7713
702 12388
702 22822
702 31641
702 39093
702 41811
702 43599
702 47720
702 61145
702 61186
702 6507
702 7713
714 12388
714 22822
714 31641
714 39093
714 41811
714 43599
714 47720
714 61145
714 61186
714 6507
714 7713
 7713
7713 
7713 10310
7713 12041
7713 1213
7713 12388
7713 1273
7713 13237
7713 13335
7713 14413
7713 14537
7713 15169
7713 15405
7713 15502
7713 15533
7713 15612
7713 15806
7713 16171
7713 16509
7713 196737
7713 197853
7713 198988
7713 199256
7713 199346
7713 200005
7713 200046
7713 200562
7713 201607
7713 203109
7713 203262
7713 203754
7713 204536
7713 206663
7713 206723
7713 207044
7713 20940
7713 2110
7713 21320
7713 22822
7713 24637
7713 25441
7713 2906
7713 30900
7713 31084
7713 31122
7713 31641
7713 32934
7713 34218
7713 34245
7713 34505
7713 35226
7713 36692
7713 39093
7713 39122
7713 39233
7713 39319
7713 39449
7713 39915
7713 41073
7713 41678
7713 41736
7713 41811
7713 42090
7713 42227
7713 42310
7713 42473
7713 43192
7713 43406
7713 43531
7713 43599
7713 43984
7713 44212
7713 44384
7713 44451
7713 47580
7713 47680
7713 47720
7713 47762
7713 47942
7713 48142
7713 49567
7713 50088
7713 50326
7713 51677
7713 5400
7713 5466
7713 56767
7713 60277
7713 61145
7713 61186
7713 61194
7713 61337
7713 6185
7713 62059
7713 62455
7713 6507
7713 6830
7713 6939
7713 702
7713 714
7713 8075
7713 8220
8075 12388
8075 22822
8075 31641
8075 39093
8075 41811
8075 43599
8075 47720
8075 61145
8075 61186
8075 6507
8075 7713
8220 12388
8220 22822
8220 31641
8220 39093
8220 41811
8220 43599
8220 47720
8220 61145
8220 61186
8220 6507
8220 7713
