10084 136001
10084 17559
10084 45437
10084 8075
10143 136001
10143 17559
10143 45437
10143 8075
132405 136001
132405 17559
132405 45437
132405 8075
132894 136001
132894 17559
132894 45437
132894 8075
133023 136001
133023 17559
133023 45437
133023 8075
133100 136001
133100 17559
133100 45437
133100 8075
133159 136001
133159 17559
133159 45437
133159 8075
133324 136001
133324 17559
133324 45437
133324 8075
133333 136001
133333 17559
133333 45437
133333 8075
13335 136001
13335 17559
13335 45437
13335 8075
133612 136001
133612 17559
133612 45437
133612 8075
133934 136001
133934 17559
133934 45437
133934 8075
134090 136001
134090 17559
134090 45437
134090 8075
134503 136001
134503 17559
134503 45437
134503 8075
135060 136001
135060 17559
135060 45437
135060 8075
135099 136001
135099 17559
135099 45437
135099 8075
135513 136001
135513 17559
135513 45437
135513 8075
 136001
136001 
136001 10084
136001 10143
136001 132405
136001 132894
136001 133023
136001 133100
136001 133159
136001 133324
136001 133333
136001 13335
136001 133612
136001 133934
136001 134090
136001 134503
136001 135060
136001 135099
136001 135513
136001 136019
136001 136557
136001 136614
136001 136972
136001 17559
136001 17890
136001 20940
136001 23708
136001 23727
136001 24479
136001 24516
136001 30071
136001 37933
136001 38195
136001 38289
136001 38790
136001 38809
136001 38883
136001 45177
136001 45261
136001 45437
136001 45481
136001 45671
136001 45763
136001 45780
136001 45920
136001 45929
136001 4608
136001 4647
136001 4739
136001 4764
136001 4826
136001 4851
136001 54113
136001 55707
136001 56182
136001 56294
136001 58507
136001 58511
136001 58530
136001 58589
136001 58868
136001 58914
136001 58929
136001 59368
136001 63920
136001 63956
136001 64002
136001 64098
136001 7175
136001 7475
136001 7496
136001 7543
136001 7545
136001 7575
136001 7594
136001 7604
136001 8075
136001 9268
136001 9313
136001 9507
136001 9652
136001 9723
136019 136001
136019 17559
136019 45437
136019 8075
136557 136001
136557 17559
136557 45437
136557 8075
136614 136001
136614 17559
136614 45437
136614 8075
136972 136001
136972 17559
136972 45437
136972 8075
 17559
17559 
17559 10084
17559 10143
17559 132405
17559 132894
17559 133023
17559 133100
17559 133159
17559 133324
17559 133333
17559 13335
17559 133612
17559 133934
17559 134090
17559 134503
17559 135060
17559 135099
17559 135513
17559 136001
17559 136019
17559 136557
17559 136614
17559 136972
17559 17890
17559 20940
17559 23708
17559 23727
17559 24479
17559 24516
17559 30071
17559 37933
17559 38195
17559 38289
17559 38790
17559 38809
17559 38883
17559 45177
17559 45261
17559 45437
17559 45481
17559 45671
17559 45763
17559 45780
17559 45920
17559 45929
17559 4608
17559 4647
17559 4739
17559 4764
17559 4826
17559 4851
17559 54113
17559 55707
17559 56182
17559 56294
17559 58507
17559 58511
17559 58530
17559 58589
17559 58868
17559 58914
17559 58929
17559 59368
17559 63920
17559 63956
17559 64002
17559 64098
17559 7175
17559 7475
17559 7496
17559 7543
17559 7545
17559 7575
17559 7594
17559 7604
17559 8075
17559 9268
17559 9313
17559 9507
17559 9652
17559 9723
17890 136001
17890 17559
17890 45437
17890 8075
20940 136001
20940 17559
20940 45437
20940 8075
23708 136001
23708 17559
23708 45437
23708 8075
23727 136001
23727 17559
23727 45437
23727 8075
24479 136001
24479 17559
24479 45437
24479 8075
24516 136001
24516 17559
24516 45437
24516 8075
30071 136001
30071 17559
30071 45437
30071 8075
37933 136001
37933 17559
37933 45437
37933 8075
38195 136001
38195 17559
38195 45437
38195 8075
38289 136001
38289 17559
38289 45437
38289 8075
38790 136001
38790 17559
38790 45437
38790 8075
38809 136001
38809 17559
38809 45437
38809 8075
38883 136001
38883 17559
38883 45437
38883 8075
45177 136001
45177 17559
45177 45437
45177 8075
45261 136001
45261 17559
45261 45437
45261 8075
 45437
45437 
45437 10084
45437 10143
45437 132405
45437 132894
45437 133023
45437 133100
45437 133159
45437 133324
45437 133333
45437 13335
45437 133612
45437 133934
45437 134090
45437 134503
45437 135060
45437 135099
45437 135513
45437 136001
45437 136019
45437 136557
45437 136614
45437 136972
45437 17559
45437 17890
45437 20940
45437 23708
45437 23727
45437 24479
45437 24516
45437 30071
45437 37933
45437 38195
45437 38289
45437 38790
45437 38809
45437 38883
45437 45177
45437 45261
45437 45481
45437 45671
45437 45763
45437 45780
45437 45920
45437 45929
45437 4608
45437 4647
45437 4739
45437 4764
45437 4826
45437 4851
45437 54113
45437 55707
45437 56182
45437 56294
45437 58507
45437 58511
45437 58530
45437 58589
45437 58868
45437 58914
45437 58929
45437 59368
45437 63920
45437 63956
45437 64002
45437 64098
45437 7175
45437 7475
45437 7496
45437 7543
45437 7545
45437 7575
45437 7594
45437 7604
45437 8075
45437 9268
45437 9313
45437 9507
45437 9652
45437 9723
45481 136001
45481 17559
45481 45437
45481 8075
45671 136001
45671 17559
45671 45437
45671 8075
45763 136001
45763 17559
45763 45437
45763 8075
45780 136001
45780 17559
45780 45437
45780 8075
45920 136001
45920 17559
45920 45437
45920 8075
45929 136001
45929 17559
45929 45437
45929 8075
4608 136001
4608 17559
4608 45437
4608 8075
4647 136001
4647 17559
4647 45437
4647 8075
4739 136001
4739 17559
4739 45437
4739 8075
4764 136001
4764 17559
4764 45437
4764 8075
4826 136001
4826 17559
4826 45437
4826 8075
4851 136001
4851 17559
4851 45437
4851 8075
54113 136001
54113 17559
54113 45437
54113 8075
55707 136001
55707 17559
55707 45437
55707 8075
56182 136001
56182 17559
56182 45437
56182 8075
56294 136001
56294 17559
56294 45437
56294 8075
58507 136001
58507 17559
58507 45437
58507 8075
58511 136001
58511 17559
58511 45437
58511 8075
58530 136001
58530 17559
58530 45437
58530 8075
58589 136001
58589 17559
58589 45437
58589 8075
58868 136001
58868 17559
58868 45437
58868 8075
58914 136001
58914 17559
58914 45437
58914 8075
58929 136001
58929 17559
58929 45437
58929 8075
59368 136001
59368 17559
59368 45437
59368 8075
63920 136001
63920 17559
63920 45437
63920 8075
63956 136001
63956 17559
63956 45437
63956 8075
64002 136001
64002 17559
64002 45437
64002 8075
64098 136001
64098 17559
64098 45437
64098 8075
7175 136001
7175 17559
7175 45437
7175 8075
7475 136001
7475 17559
7475 45437
7475 8075
7496 136001
7496 17559
7496 45437
7496 8075
7543 136001
7543 17559
7543 45437
7543 8075
7545 136001
7545 17559
7545 45437
7545 8075
7575 136001
7575 17559
7575 45437
7575 8075
7594 136001
7594 17559
7594 45437
7594 8075
7604 136001
7604 17559
7604 45437
7604 8075
 8075
8075 
8075 10084
8075 10143
8075 132405
8075 132894
8075 133023
8075 133100
8075 133159
8075 133324
8075 133333
8075 13335
8075 133612
8075 133934
8075 134090
8075 134503
8075 135060
8075 135099
8075 135513
8075 136001
8075 136019
8075 136557
8075 136614
8075 136972
8075 17559
8075 17890
8075 20940
8075 23708
8075 23727
8075 24479
8075 24516
8075 30071
8075 37933
8075 38195
8075 38289
8075 38790
8075 38809
8075 38883
8075 45177
8075 45261
8075 45437
8075 45481
8075 45671
8075 45763
8075 45780
8075 45920
8075 45929
8075 4608
8075 4647
8075 4739
8075 4764
8075 4826
8075 4851
8075 54113
8075 55707
8075 56182
8075 56294
8075 58507
8075 58511
8075 58530
8075 58589
8075 58868
8075 58914
8075 58929
8075 59368
8075 63920
8075 63956
8075 64002
8075 64098
8075 7175
8075 7475
8075 7496
8075 7543
8075 7545
8075 7575
8075 7594
8075 7604
8075 9268
8075 9313
8075 9507
8075 9652
8075 9723
9268 136001
9268 17559
9268 45437
9268 8075
9313 136001
9313 17559
9313 45437
9313 8075
9507 136001
9507 17559
9507 45437
9507 8075
9652 136001
9652 17559
9652 45437
9652 8075
9723 136001
9723 17559
9723 45437
9723 8075
