10310 12041
10310 12390
10310 197898
10310 200052
10310 34660
10310 43100
10310 43545
10310 44611
10310 45430
10310 51561
10310 7713
10310 8218
10310 8966
 12041
12041 
12041 10310
12041 12200
12041 12390
12041 12496
12041 12519
12041 12654
12041 12775
12041 13009
12041 13030
12041 13037
12041 13335
12041 13414
12041 136620
12041 14340
12041 14413
12041 14492
12041 15169
12041 15830
12041 16162
12041 16265
12041 16353
12041 16376
12041 16509
12041 197898
12041 197913
12041 198440
12041 198736
12041 199335
12041 199659
12041 200052
12041 200612
12041 204913
12041 205389
12041 20562
12041 206347
12041 20712
12041 20738
12041 20915
12041 20940
12041 20952
12041 21321
12041 21345
12041 21371
12041 21396
12041 24482
12041 24916
12041 25061
12041 25152
12041 25160
12041 25178
12041 25180
12041 2529
12041 25369
12041 25577
12041 2603
12041 2818
12041 28792
12041 29017
12041 2906
12041 29129
12041 29550
12041 29611
12041 29676
12041 30740
12041 30781
12041 30803
12041 31122
12041 31402
12041 31459
12041 31463
12041 31472
12041 31595
12041 31655
12041 31712
12041 31742
12041 3213
12041 32787
12041 33073
12041 33438
12041 33445
12041 33920
12041 33941
12041 34066
12041 34442
12041 34555
12041 34660
12041 34746
12041 34790
12041 35266
12041 35425
12041 35575
12041 36692
12041 37271
12041 3856
12041 39295
12041 39326
12041 39522
12041 39545
12041 41000
12041 41103
12041 41230
12041 41678
12041 41963
12041 42
12041 42010
12041 42353
12041 42455
12041 42579
12041 42689
12041 42831
12041 43013
12041 43100
12041 43323
12041 43531
12041 43545
12041 44356
12041 44444
12041 44611
12041 44684
12041 45014
12041 45430
12041 46489
12041 47474
12041 47480
12041 47866
12041 47998
12041 48620
12041 49158
12041 49344
12041 49375
12041 49544
12041 50023
12041 50056
12041 50287
12041 50300
12041 50823
12041 50957
12041 51043
12041 51263
12041 51406
12041 51409
12041 51561
12041 51762
12041 51782
12041 51918
12041 51945
12041 52075
12041 5378
12041 54104
12041 54113
12041 5413
12041 5503
12041 55195
12041 5607
12041 56329
12041 56478
12041 56595
12041 56745
12041 57099
12041 57976
12041 59439
12041 59455
12041 59701
12041 59953
12041 60257
12041 6067
12041 60793
12041 60868
12041 61049
12041 61124
12041 62240
12041 63949
12041 64271
12041 64415
12041 6507
12041 6774
12041 6894
12041 6908
12041 6939
12041 714
12041 7342
12041 7713
12041 8075
12041 8190
12041 8218
12041 8282
12041 8330
12041 8426
12041 8468
12041 8530
12041 8607
12041 8674
12041 8676
12041 8683
12041 8838
12041 8897
12041 8916
12041 8966
12041 9009
12200 12041
12200 12390
12200 197898
12200 200052
12200 34660
12200 43100
12200 43545
12200 44611
12200 45430
12200 51561
12200 7713
12200 8218
12200 8966
 12390
12390 
12390 10310
12390 12041
12390 12200
12390 12496
12390 12519
12390 12654
12390 12775
12390 13009
12390 13030
12390 13037
12390 13335
12390 13414
12390 136620
12390 14340
12390 14413
12390 14492
12390 15169
12390 15830
12390 16162
12390 16265
12390 16353
12390 16376
12390 16509
12390 197898
12390 197913
12390 198440
12390 198736
12390 199335
12390 199659
12390 200052
12390 200612
12390 204913
12390 205389
12390 20562
12390 206347
12390 20712
12390 20738
12390 20915
12390 20940
12390 20952
12390 21321
12390 21345
12390 21371
12390 21396
12390 24482
12390 24916
12390 25061
12390 25152
12390 25160
12390 25178
12390 25180
12390 2529
12390 25369
12390 25577
12390 2603
12390 2818
12390 28792
12390 29017
12390 2906
12390 29129
12390 29550
12390 29611
12390 29676
12390 30740
12390 30781
12390 30803
12390 31122
12390 31402
12390 31459
12390 31463
12390 31472
12390 31595
12390 31655
12390 31712
12390 31742
12390 3213
12390 32787
12390 33073
12390 33438
12390 33445
12390 33920
12390 33941
12390 34066
12390 34442
12390 34555
12390 34660
12390 34746
12390 34790
12390 35266
12390 35425
12390 35575
12390 36692
12390 37271
12390 3856
12390 39295
12390 39326
12390 39522
12390 39545
12390 41000
12390 41103
12390 41230
12390 41678
12390 41963
12390 42
12390 42010
12390 42353
12390 42455
12390 42579
12390 42689
12390 42831
12390 43013
12390 43100
12390 43323
12390 43531
12390 43545
12390 44356
12390 44444
12390 44611
12390 44684
12390 45014
12390 45430
12390 46489
12390 47474
12390 47480
12390 47866
12390 47998
12390 48620
12390 49158
12390 49344
12390 49375
12390 49544
12390 50023
12390 50056
12390 50287
12390 50300
12390 50823
12390 50957
12390 51043
12390 51263
12390 51406
12390 51409
12390 51561
12390 51762
12390 51782
12390 51918
12390 51945
12390 52075
12390 5378
12390 54104
12390 54113
12390 5413
12390 5503
12390 55195
12390 5607
12390 56329
12390 56478
12390 56595
12390 56745
12390 57099
12390 57976
12390 59439
12390 59455
12390 59701
12390 59953
12390 60257
12390 6067
12390 60793
12390 60868
12390 61049
12390 61124
12390 62240
12390 63949
12390 64271
12390 64415
12390 6507
12390 6774
12390 6894
12390 6908
12390 6939
12390 714
12390 7342
12390 7713
12390 8075
12390 8190
12390 8218
12390 8282
12390 8330
12390 8426
12390 8468
12390 8530
12390 8607
12390 8674
12390 8676
12390 8683
12390 8838
12390 8897
12390 8916
12390 8966
12390 9009
12496 12041
12496 12390
12496 197898
12496 200052
12496 34660
12496 43100
12496 43545
12496 44611
12496 45430
12496 51561
12496 7713
12496 8218
12496 8966
12519 12041
12519 12390
12519 197898
12519 200052
12519 34660
12519 43100
12519 43545
12519 44611
12519 45430
12519 51561
12519 7713
12519 8218
12519 8966
12654 12041
12654 12390
12654 197898
12654 200052
12654 34660
12654 43100
12654 43545
12654 44611
12654 45430
12654 51561
12654 7713
12654 8218
12654 8966
12775 12041
12775 12390
12775 197898
12775 200052
12775 34660
12775 43100
12775 43545
12775 44611
12775 45430
12775 51561
12775 7713
12775 8218
12775 8966
13009 12041
13009 12390
13009 197898
13009 200052
13009 34660
13009 43100
13009 43545
13009 44611
13009 45430
13009 51561
13009 7713
13009 8218
13009 8966
13030 12041
13030 12390
13030 197898
13030 200052
13030 34660
13030 43100
13030 43545
13030 44611
13030 45430
13030 51561
13030 7713
13030 8218
13030 8966
13037 12041
13037 12390
13037 197898
13037 200052
13037 34660
13037 43100
13037 43545
13037 44611
13037 45430
13037 51561
13037 7713
13037 8218
13037 8966
13335 12041
13335 12390
13335 197898
13335 200052
13335 34660
13335 43100
13335 43545
13335 44611
13335 45430
13335 51561
13335 7713
13335 8218
13335 8966
13414 12041
13414 12390
13414 197898
13414 200052
13414 34660
13414 43100
13414 43545
13414 44611
13414 45430
13414 51561
13414 7713
13414 8218
13414 8966
136620 12041
136620 12390
136620 197898
136620 200052
136620 34660
136620 43100
136620 43545
136620 44611
136620 45430
136620 51561
136620 7713
136620 8218
136620 8966
14340 12041
14340 12390
14340 197898
14340 200052
14340 34660
14340 43100
14340 43545
14340 44611
14340 45430
14340 51561
14340 7713
14340 8218
14340 8966
14413 12041
14413 12390
14413 197898
14413 200052
14413 34660
14413 43100
14413 43545
14413 44611
14413 45430
14413 51561
14413 7713
14413 8218
14413 8966
14492 12041
14492 12390
14492 197898
14492 200052
14492 34660
14492 43100
14492 43545
14492 44611
14492 45430
14492 51561
14492 7713
14492 8218
14492 8966
15169 12041
15169 12390
15169 197898
15169 200052
15169 34660
15169 43100
15169 43545
15169 44611
15169 45430
15169 51561
15169 7713
15169 8218
15169 8966
15830 12041
15830 12390
15830 197898
15830 200052
15830 34660
15830 43100
15830 43545
15830 44611
15830 45430
15830 51561
15830 7713
15830 8218
15830 8966
16162 12041
16162 12390
16162 197898
16162 200052
16162 34660
16162 43100
16162 43545
16162 44611
16162 45430
16162 51561
16162 7713
16162 8218
16162 8966
16265 12041
16265 12390
16265 197898
16265 200052
16265 34660
16265 43100
16265 43545
16265 44611
16265 45430
16265 51561
16265 7713
16265 8218
16265 8966
16353 12041
16353 12390
16353 197898
16353 200052
16353 34660
16353 43100
16353 43545
16353 44611
16353 45430
16353 51561
16353 7713
16353 8218
16353 8966
16376 12041
16376 12390
16376 197898
16376 200052
16376 34660
16376 43100
16376 43545
16376 44611
16376 45430
16376 51561
16376 7713
16376 8218
16376 8966
16509 12041
16509 12390
16509 197898
16509 200052
16509 34660
16509 43100
16509 43545
16509 44611
16509 45430
16509 51561
16509 7713
16509 8218
16509 8966
 197898
197898 
197898 10310
197898 12041
197898 12200
197898 12390
197898 12496
197898 12519
197898 12654
197898 12775
197898 13009
197898 13030
197898 13037
197898 13335
197898 13414
197898 136620
197898 14340
197898 14413
197898 14492
197898 15169
197898 15830
197898 16162
197898 16265
197898 16353
197898 16376
197898 16509
197898 197913
197898 198440
197898 198736
197898 199335
197898 199659
197898 200052
197898 200612
197898 204913
197898 205389
197898 20562
197898 206347
197898 20712
197898 20738
197898 20915
197898 20940
197898 20952
197898 21321
197898 21345
197898 21371
197898 21396
197898 24482
197898 24916
197898 25061
197898 25152
197898 25160
197898 25178
197898 25180
197898 2529
197898 25369
197898 25577
197898 2603
197898 2818
197898 28792
197898 29017
197898 2906
197898 29129
197898 29550
197898 29611
197898 29676
197898 30740
197898 30781
197898 30803
197898 31122
197898 31402
197898 31459
197898 31463
197898 31472
197898 31595
197898 31655
197898 31712
197898 31742
197898 3213
197898 32787
197898 33073
197898 33438
197898 33445
197898 33920
197898 33941
197898 34066
197898 34442
197898 34555
197898 34660
197898 34746
197898 34790
197898 35266
197898 35425
197898 35575
197898 36692
197898 37271
197898 3856
197898 39295
197898 39326
197898 39522
197898 39545
197898 41000
197898 41103
197898 41230
197898 41678
197898 41963
197898 42
197898 42010
197898 42353
197898 42455
197898 42579
197898 42689
197898 42831
197898 43013
197898 43100
197898 43323
197898 43531
197898 43545
197898 44356
197898 44444
197898 44611
197898 44684
197898 45014
197898 45430
197898 46489
197898 47474
197898 47480
197898 47866
197898 47998
197898 48620
197898 49158
197898 49344
197898 49375
197898 49544
197898 50023
197898 50056
197898 50287
197898 50300
197898 50823
197898 50957
197898 51043
197898 51263
197898 51406
197898 51409
197898 51561
197898 51762
197898 51782
197898 51918
197898 51945
197898 52075
197898 5378
197898 54104
197898 54113
197898 5413
197898 5503
197898 55195
197898 5607
197898 56329
197898 56478
197898 56595
197898 56745
197898 57099
197898 57976
197898 59439
197898 59455
197898 59701
197898 59953
197898 60257
197898 6067
197898 60793
197898 60868
197898 61049
197898 61124
197898 62240
197898 63949
197898 64271
197898 64415
197898 6507
197898 6774
197898 6894
197898 6908
197898 6939
197898 714
197898 7342
197898 7713
197898 8075
197898 8190
197898 8218
197898 8282
197898 8330
197898 8426
197898 8468
197898 8530
197898 8607
197898 8674
197898 8676
197898 8683
197898 8838
197898 8897
197898 8916
197898 8966
197898 9009
197913 12041
197913 12390
197913 197898
197913 200052
197913 34660
197913 43100
197913 43545
197913 44611
197913 45430
197913 51561
197913 7713
197913 8218
197913 8966
198440 12041
198440 12390
198440 197898
198440 200052
198440 34660
198440 43100
198440 43545
198440 44611
198440 45430
198440 51561
198440 7713
198440 8218
198440 8966
198736 12041
198736 12390
198736 197898
198736 200052
198736 34660
198736 43100
198736 43545
198736 44611
198736 45430
198736 51561
198736 7713
198736 8218
198736 8966
199335 12041
199335 12390
199335 197898
199335 200052
199335 34660
199335 43100
199335 43545
199335 44611
199335 45430
199335 51561
199335 7713
199335 8218
199335 8966
199659 12041
199659 12390
199659 197898
199659 200052
199659 34660
199659 43100
199659 43545
199659 44611
199659 45430
199659 51561
199659 7713
199659 8218
199659 8966
 200052
200052 
200052 10310
200052 12041
200052 12200
200052 12390
200052 12496
200052 12519
200052 12654
200052 12775
200052 13009
200052 13030
200052 13037
200052 13335
200052 13414
200052 136620
200052 14340
200052 14413
200052 14492
200052 15169
200052 15830
200052 16162
200052 16265
200052 16353
200052 16376
200052 16509
200052 197898
200052 197913
200052 198440
200052 198736
200052 199335
200052 199659
200052 200612
200052 204913
200052 205389
200052 20562
200052 206347
200052 20712
200052 20738
200052 20915
200052 20940
200052 20952
200052 21321
200052 21345
200052 21371
200052 21396
200052 24482
200052 24916
200052 25061
200052 25152
200052 25160
200052 25178
200052 25180
200052 2529
200052 25369
200052 25577
200052 2603
200052 2818
200052 28792
200052 29017
200052 2906
200052 29129
200052 29550
200052 29611
200052 29676
200052 30740
200052 30781
200052 30803
200052 31122
200052 31402
200052 31459
200052 31463
200052 31472
200052 31595
200052 31655
200052 31712
200052 31742
200052 3213
200052 32787
200052 33073
200052 33438
200052 33445
200052 33920
200052 33941
200052 34066
200052 34442
200052 34555
200052 34660
200052 34746
200052 34790
200052 35266
200052 35425
200052 35575
200052 36692
200052 37271
200052 3856
200052 39295
200052 39326
200052 39522
200052 39545
200052 41000
200052 41103
200052 41230
200052 41678
200052 41963
200052 42
200052 42010
200052 42353
200052 42455
200052 42579
200052 42689
200052 42831
200052 43013
200052 43100
200052 43323
200052 43531
200052 43545
200052 44356
200052 44444
200052 44611
200052 44684
200052 45014
200052 45430
200052 46489
200052 47474
200052 47480
200052 47866
200052 47998
200052 48620
200052 49158
200052 49344
200052 49375
200052 49544
200052 50023
200052 50056
200052 50287
200052 50300
200052 50823
200052 50957
200052 51043
200052 51263
200052 51406
200052 51409
200052 51561
200052 51762
200052 51782
200052 51918
200052 51945
200052 52075
200052 5378
200052 54104
200052 54113
200052 5413
200052 5503
200052 55195
200052 5607
200052 56329
200052 56478
200052 56595
200052 56745
200052 57099
200052 57976
200052 59439
200052 59455
200052 59701
200052 59953
200052 60257
200052 6067
200052 60793
200052 60868
200052 61049
200052 61124
200052 62240
200052 63949
200052 64271
200052 64415
200052 6507
200052 6774
200052 6894
200052 6908
200052 6939
200052 714
200052 7342
200052 7713
200052 8075
200052 8190
200052 8218
200052 8282
200052 8330
200052 8426
200052 8468
200052 8530
200052 8607
200052 8674
200052 8676
200052 8683
200052 8838
200052 8897
200052 8916
200052 8966
200052 9009
200612 12041
200612 12390
200612 197898
200612 200052
200612 34660
200612 43100
200612 43545
200612 44611
200612 45430
200612 51561
200612 7713
200612 8218
200612 8966
204913 12041
204913 12390
204913 197898
204913 200052
204913 34660
204913 43100
204913 43545
204913 44611
204913 45430
204913 51561
204913 7713
204913 8218
204913 8966
205389 12041
205389 12390
205389 197898
205389 200052
205389 34660
205389 43100
205389 43545
205389 44611
205389 45430
205389 51561
205389 7713
205389 8218
205389 8966
20562 12041
20562 12390
20562 197898
20562 200052
20562 34660
20562 43100
20562 43545
20562 44611
20562 45430
20562 51561
20562 7713
20562 8218
20562 8966
206347 12041
206347 12390
206347 197898
206347 200052
206347 34660
206347 43100
206347 43545
206347 44611
206347 45430
206347 51561
206347 7713
206347 8218
206347 8966
20712 12041
20712 12390
20712 197898
20712 200052
20712 34660
20712 43100
20712 43545
20712 44611
20712 45430
20712 51561
20712 7713
20712 8218
20712 8966
20738 12041
20738 12390
20738 197898
20738 200052
20738 34660
20738 43100
20738 43545
20738 44611
20738 45430
20738 51561
20738 7713
20738 8218
20738 8966
20915 12041
20915 12390
20915 197898
20915 200052
20915 34660
20915 43100
20915 43545
20915 44611
20915 45430
20915 51561
20915 7713
20915 8218
20915 8966
20940 12041
20940 12390
20940 197898
20940 200052
20940 34660
20940 43100
20940 43545
20940 44611
20940 45430
20940 51561
20940 7713
20940 8218
20940 8966
20952 12041
20952 12390
20952 197898
20952 200052
20952 34660
20952 43100
20952 43545
20952 44611
20952 45430
20952 51561
20952 7713
20952 8218
20952 8966
21321 12041
21321 12390
21321 197898
21321 200052
21321 34660
21321 43100
21321 43545
21321 44611
21321 45430
21321 51561
21321 7713
21321 8218
21321 8966
21345 12041
21345 12390
21345 197898
21345 200052
21345 34660
21345 43100
21345 43545
21345 44611
21345 45430
21345 51561
21345 7713
21345 8218
21345 8966
21371 12041
21371 12390
21371 197898
21371 200052
21371 34660
21371 43100
21371 43545
21371 44611
21371 45430
21371 51561
21371 7713
21371 8218
21371 8966
21396 12041
21396 12390
21396 197898
21396 200052
21396 34660
21396 43100
21396 43545
21396 44611
21396 45430
21396 51561
21396 7713
21396 8218
21396 8966
24482 12041
24482 12390
24482 197898
24482 200052
24482 34660
24482 43100
24482 43545
24482 44611
24482 45430
24482 51561
24482 7713
24482 8218
24482 8966
24916 12041
24916 12390
24916 197898
24916 200052
24916 34660
24916 43100
24916 43545
24916 44611
24916 45430
24916 51561
24916 7713
24916 8218
24916 8966
25061 12041
25061 12390
25061 197898
25061 200052
25061 34660
25061 43100
25061 43545
25061 44611
25061 45430
25061 51561
25061 7713
25061 8218
25061 8966
25152 12041
25152 12390
25152 197898
25152 200052
25152 34660
25152 43100
25152 43545
25152 44611
25152 45430
25152 51561
25152 7713
25152 8218
25152 8966
25160 12041
25160 12390
25160 197898
25160 200052
25160 34660
25160 43100
25160 43545
25160 44611
25160 45430
25160 51561
25160 7713
25160 8218
25160 8966
25178 12041
25178 12390
25178 197898
25178 200052
25178 34660
25178 43100
25178 43545
25178 44611
25178 45430
25178 51561
25178 7713
25178 8218
25178 8966
25180 12041
25180 12390
25180 197898
25180 200052
25180 34660
25180 43100
25180 43545
25180 44611
25180 45430
25180 51561
25180 7713
25180 8218
25180 8966
2529 12041
2529 12390
2529 197898
2529 200052
2529 34660
2529 43100
2529 43545
2529 44611
2529 45430
2529 51561
2529 7713
2529 8218
2529 8966
25369 12041
25369 12390
25369 197898
25369 200052
25369 34660
25369 43100
25369 43545
25369 44611
25369 45430
25369 51561
25369 7713
25369 8218
25369 8966
25577 12041
25577 12390
25577 197898
25577 200052
25577 34660
25577 43100
25577 43545
25577 44611
25577 45430
25577 51561
25577 7713
25577 8218
25577 8966
2603 12041
2603 12390
2603 197898
2603 200052
2603 34660
2603 43100
2603 43545
2603 44611
2603 45430
2603 51561
2603 7713
2603 8218
2603 8966
2818 12041
2818 12390
2818 197898
2818 200052
2818 34660
2818 43100
2818 43545
2818 44611
2818 45430
2818 51561
2818 7713
2818 8218
2818 8966
28792 12041
28792 12390
28792 197898
28792 200052
28792 34660
28792 43100
28792 43545
28792 44611
28792 45430
28792 51561
28792 7713
28792 8218
28792 8966
29017 12041
29017 12390
29017 197898
29017 200052
29017 34660
29017 43100
29017 43545
29017 44611
29017 45430
29017 51561
29017 7713
29017 8218
29017 8966
2906 12041
2906 12390
2906 197898
2906 200052
2906 34660
2906 43100
2906 43545
2906 44611
2906 45430
2906 51561
2906 7713
2906 8218
2906 8966
29129 12041
29129 12390
29129 197898
29129 200052
29129 34660
29129 43100
29129 43545
29129 44611
29129 45430
29129 51561
29129 7713
29129 8218
29129 8966
29550 12041
29550 12390
29550 197898
29550 200052
29550 34660
29550 43100
29550 43545
29550 44611
29550 45430
29550 51561
29550 7713
29550 8218
29550 8966
29611 12041
29611 12390
29611 197898
29611 200052
29611 34660
29611 43100
29611 43545
29611 44611
29611 45430
29611 51561
29611 7713
29611 8218
29611 8966
29676 12041
29676 12390
29676 197898
29676 200052
29676 34660
29676 43100
29676 43545
29676 44611
29676 45430
29676 51561
29676 7713
29676 8218
29676 8966
30740 12041
30740 12390
30740 197898
30740 200052
30740 34660
30740 43100
30740 43545
30740 44611
30740 45430
30740 51561
30740 7713
30740 8218
30740 8966
30781 12041
30781 12390
30781 197898
30781 200052
30781 34660
30781 43100
30781 43545
30781 44611
30781 45430
30781 51561
30781 7713
30781 8218
30781 8966
30803 12041
30803 12390
30803 197898
30803 200052
30803 34660
30803 43100
30803 43545
30803 44611
30803 45430
30803 51561
30803 7713
30803 8218
30803 8966
31122 12041
31122 12390
31122 197898
31122 200052
31122 34660
31122 43100
31122 43545
31122 44611
31122 45430
31122 51561
31122 7713
31122 8218
31122 8966
31402 12041
31402 12390
31402 197898
31402 200052
31402 34660
31402 43100
31402 43545
31402 44611
31402 45430
31402 51561
31402 7713
31402 8218
31402 8966
31459 12041
31459 12390
31459 197898
31459 200052
31459 34660
31459 43100
31459 43545
31459 44611
31459 45430
31459 51561
31459 7713
31459 8218
31459 8966
31463 12041
31463 12390
31463 197898
31463 200052
31463 34660
31463 43100
31463 43545
31463 44611
31463 45430
31463 51561
31463 7713
31463 8218
31463 8966
31472 12041
31472 12390
31472 197898
31472 200052
31472 34660
31472 43100
31472 43545
31472 44611
31472 45430
31472 51561
31472 7713
31472 8218
31472 8966
31595 12041
31595 12390
31595 197898
31595 200052
31595 34660
31595 43100
31595 43545
31595 44611
31595 45430
31595 51561
31595 7713
31595 8218
31595 8966
31655 12041
31655 12390
31655 197898
31655 200052
31655 34660
31655 43100
31655 43545
31655 44611
31655 45430
31655 51561
31655 7713
31655 8218
31655 8966
31712 12041
31712 12390
31712 197898
31712 200052
31712 34660
31712 43100
31712 43545
31712 44611
31712 45430
31712 51561
31712 7713
31712 8218
31712 8966
31742 12041
31742 12390
31742 197898
31742 200052
31742 34660
31742 43100
31742 43545
31742 44611
31742 45430
31742 51561
31742 7713
31742 8218
31742 8966
3213 12041
3213 12390
3213 197898
3213 200052
3213 34660
3213 43100
3213 43545
3213 44611
3213 45430
3213 51561
3213 7713
3213 8218
3213 8966
32787 12041
32787 12390
32787 197898
32787 200052
32787 34660
32787 43100
32787 43545
32787 44611
32787 45430
32787 51561
32787 7713
32787 8218
32787 8966
33073 12041
33073 12390
33073 197898
33073 200052
33073 34660
33073 43100
33073 43545
33073 44611
33073 45430
33073 51561
33073 7713
33073 8218
33073 8966
33438 12041
33438 12390
33438 197898
33438 200052
33438 34660
33438 43100
33438 43545
33438 44611
33438 45430
33438 51561
33438 7713
33438 8218
33438 8966
33445 12041
33445 12390
33445 197898
33445 200052
33445 34660
33445 43100
33445 43545
33445 44611
33445 45430
33445 51561
33445 7713
33445 8218
33445 8966
33920 12041
33920 12390
33920 197898
33920 200052
33920 34660
33920 43100
33920 43545
33920 44611
33920 45430
33920 51561
33920 7713
33920 8218
33920 8966
33941 12041
33941 12390
33941 197898
33941 200052
33941 34660
33941 43100
33941 43545
33941 44611
33941 45430
33941 51561
33941 7713
33941 8218
33941 8966
34066 12041
34066 12390
34066 197898
34066 200052
34066 34660
34066 43100
34066 43545
34066 44611
34066 45430
34066 51561
34066 7713
34066 8218
34066 8966
34442 12041
34442 12390
34442 197898
34442 200052
34442 34660
34442 43100
34442 43545
34442 44611
34442 45430
34442 51561
34442 7713
34442 8218
34442 8966
34555 12041
34555 12390
34555 197898
34555 200052
34555 34660
34555 43100
34555 43545
34555 44611
34555 45430
34555 51561
34555 7713
34555 8218
34555 8966
 34660
34660 
34660 10310
34660 12041
34660 12200
34660 12390
34660 12496
34660 12519
34660 12654
34660 12775
34660 13009
34660 13030
34660 13037
34660 13335
34660 13414
34660 136620
34660 14340
34660 14413
34660 14492
34660 15169
34660 15830
34660 16162
34660 16265
34660 16353
34660 16376
34660 16509
34660 197898
34660 197913
34660 198440
34660 198736
34660 199335
34660 199659
34660 200052
34660 200612
34660 204913
34660 205389
34660 20562
34660 206347
34660 20712
34660 20738
34660 20915
34660 20940
34660 20952
34660 21321
34660 21345
34660 21371
34660 21396
34660 24482
34660 24916
34660 25061
34660 25152
34660 25160
34660 25178
34660 25180
34660 2529
34660 25369
34660 25577
34660 2603
34660 2818
34660 28792
34660 29017
34660 2906
34660 29129
34660 29550
34660 29611
34660 29676
34660 30740
34660 30781
34660 30803
34660 31122
34660 31402
34660 31459
34660 31463
34660 31472
34660 31595
34660 31655
34660 31712
34660 31742
34660 3213
34660 32787
34660 33073
34660 33438
34660 33445
34660 33920
34660 33941
34660 34066
34660 34442
34660 34555
34660 34746
34660 34790
34660 35266
34660 35425
34660 35575
34660 36692
34660 37271
34660 3856
34660 39295
34660 39326
34660 39522
34660 39545
34660 41000
34660 41103
34660 41230
34660 41678
34660 41963
34660 42
34660 42010
34660 42353
34660 42455
34660 42579
34660 42689
34660 42831
34660 43013
34660 43100
34660 43323
34660 43531
34660 43545
34660 44356
34660 44444
34660 44611
34660 44684
34660 45014
34660 45430
34660 46489
34660 47474
34660 47480
34660 47866
34660 47998
34660 48620
34660 49158
34660 49344
34660 49375
34660 49544
34660 50023
34660 50056
34660 50287
34660 50300
34660 50823
34660 50957
34660 51043
34660 51263
34660 51406
34660 51409
34660 51561
34660 51762
34660 51782
34660 51918
34660 51945
34660 52075
34660 5378
34660 54104
34660 54113
34660 5413
34660 5503
34660 55195
34660 5607
34660 56329
34660 56478
34660 56595
34660 56745
34660 57099
34660 57976
34660 59439
34660 59455
34660 59701
34660 59953
34660 60257
34660 6067
34660 60793
34660 60868
34660 61049
34660 61124
34660 62240
34660 63949
34660 64271
34660 64415
34660 6507
34660 6774
34660 6894
34660 6908
34660 6939
34660 714
34660 7342
34660 7713
34660 8075
34660 8190
34660 8218
34660 8282
34660 8330
34660 8426
34660 8468
34660 8530
34660 8607
34660 8674
34660 8676
34660 8683
34660 8838
34660 8897
34660 8916
34660 8966
34660 9009
34746 12041
34746 12390
34746 197898
34746 200052
34746 34660
34746 43100
34746 43545
34746 44611
34746 45430
34746 51561
34746 7713
34746 8218
34746 8966
34790 12041
34790 12390
34790 197898
34790 200052
34790 34660
34790 43100
34790 43545
34790 44611
34790 45430
34790 51561
34790 7713
34790 8218
34790 8966
35266 12041
35266 12390
35266 197898
35266 200052
35266 34660
35266 43100
35266 43545
35266 44611
35266 45430
35266 51561
35266 7713
35266 8218
35266 8966
35425 12041
35425 12390
35425 197898
35425 200052
35425 34660
35425 43100
35425 43545
35425 44611
35425 45430
35425 51561
35425 7713
35425 8218
35425 8966
35575 12041
35575 12390
35575 197898
35575 200052
35575 34660
35575 43100
35575 43545
35575 44611
35575 45430
35575 51561
35575 7713
35575 8218
35575 8966
36692 12041
36692 12390
36692 197898
36692 200052
36692 34660
36692 43100
36692 43545
36692 44611
36692 45430
36692 51561
36692 7713
36692 8218
36692 8966
37271 12041
37271 12390
37271 197898
37271 200052
37271 34660
37271 43100
37271 43545
37271 44611
37271 45430
37271 51561
37271 7713
37271 8218
37271 8966
3856 12041
3856 12390
3856 197898
3856 200052
3856 34660
3856 43100
3856 43545
3856 44611
3856 45430
3856 51561
3856 7713
3856 8218
3856 8966
39295 12041
39295 12390
39295 197898
39295 200052
39295 34660
39295 43100
39295 43545
39295 44611
39295 45430
39295 51561
39295 7713
39295 8218
39295 8966
39326 12041
39326 12390
39326 197898
39326 200052
39326 34660
39326 43100
39326 43545
39326 44611
39326 45430
39326 51561
39326 7713
39326 8218
39326 8966
39522 12041
39522 12390
39522 197898
39522 200052
39522 34660
39522 43100
39522 43545
39522 44611
39522 45430
39522 51561
39522 7713
39522 8218
39522 8966
39545 12041
39545 12390
39545 197898
39545 200052
39545 34660
39545 43100
39545 43545
39545 44611
39545 45430
39545 51561
39545 7713
39545 8218
39545 8966
41000 12041
41000 12390
41000 197898
41000 200052
41000 34660
41000 43100
41000 43545
41000 44611
41000 45430
41000 51561
41000 7713
41000 8218
41000 8966
41103 12041
41103 12390
41103 197898
41103 200052
41103 34660
41103 43100
41103 43545
41103 44611
41103 45430
41103 51561
41103 7713
41103 8218
41103 8966
41230 12041
41230 12390
41230 197898
41230 200052
41230 34660
41230 43100
41230 43545
41230 44611
41230 45430
41230 51561
41230 7713
41230 8218
41230 8966
41678 12041
41678 12390
41678 197898
41678 200052
41678 34660
41678 43100
41678 43545
41678 44611
41678 45430
41678 51561
41678 7713
41678 8218
41678 8966
41963 12041
41963 12390
41963 197898
41963 200052
41963 34660
41963 43100
41963 43545
41963 44611
41963 45430
41963 51561
41963 7713
41963 8218
41963 8966
42010 12041
42010 12390
42010 197898
42010 200052
42010 34660
42010 43100
42010 43545
42010 44611
42010 45430
42010 51561
42010 7713
42010 8218
42010 8966
42 12041
42 12390
42 197898
42 200052
42 34660
42353 12041
42353 12390
42353 197898
42353 200052
42353 34660
42353 43100
42353 43545
42353 44611
42353 45430
42353 51561
42353 7713
42353 8218
42353 8966
42 43100
42 43545
42 44611
42 45430
42455 12041
42455 12390
42455 197898
42455 200052
42455 34660
42455 43100
42455 43545
42455 44611
42455 45430
42455 51561
42455 7713
42455 8218
42455 8966
42 51561
42579 12041
42579 12390
42579 197898
42579 200052
42579 34660
42579 43100
42579 43545
42579 44611
42579 45430
42579 51561
42579 7713
42579 8218
42579 8966
42689 12041
42689 12390
42689 197898
42689 200052
42689 34660
42689 43100
42689 43545
42689 44611
42689 45430
42689 51561
42689 7713
42689 8218
42689 8966
42 7713
42 8218
42831 12041
42831 12390
42831 197898
42831 200052
42831 34660
42831 43100
42831 43545
42831 44611
42831 45430
42831 51561
42831 7713
42831 8218
42831 8966
42 8966
43013 12041
43013 12390
43013 197898
43013 200052
43013 34660
43013 43100
43013 43545
43013 44611
43013 45430
43013 51561
43013 7713
43013 8218
43013 8966
 43100
43100 
43100 10310
43100 12041
43100 12200
43100 12390
43100 12496
43100 12519
43100 12654
43100 12775
43100 13009
43100 13030
43100 13037
43100 13335
43100 13414
43100 136620
43100 14340
43100 14413
43100 14492
43100 15169
43100 15830
43100 16162
43100 16265
43100 16353
43100 16376
43100 16509
43100 197898
43100 197913
43100 198440
43100 198736
43100 199335
43100 199659
43100 200052
43100 200612
43100 204913
43100 205389
43100 20562
43100 206347
43100 20712
43100 20738
43100 20915
43100 20940
43100 20952
43100 21321
43100 21345
43100 21371
43100 21396
43100 24482
43100 24916
43100 25061
43100 25152
43100 25160
43100 25178
43100 25180
43100 2529
43100 25369
43100 25577
43100 2603
43100 2818
43100 28792
43100 29017
43100 2906
43100 29129
43100 29550
43100 29611
43100 29676
43100 30740
43100 30781
43100 30803
43100 31122
43100 31402
43100 31459
43100 31463
43100 31472
43100 31595
43100 31655
43100 31712
43100 31742
43100 3213
43100 32787
43100 33073
43100 33438
43100 33445
43100 33920
43100 33941
43100 34066
43100 34442
43100 34555
43100 34660
43100 34746
43100 34790
43100 35266
43100 35425
43100 35575
43100 36692
43100 37271
43100 3856
43100 39295
43100 39326
43100 39522
43100 39545
43100 41000
43100 41103
43100 41230
43100 41678
43100 41963
43100 42
43100 42010
43100 42353
43100 42455
43100 42579
43100 42689
43100 42831
43100 43013
43100 43323
43100 43531
43100 43545
43100 44356
43100 44444
43100 44611
43100 44684
43100 45014
43100 45430
43100 46489
43100 47474
43100 47480
43100 47866
43100 47998
43100 48620
43100 49158
43100 49344
43100 49375
43100 49544
43100 50023
43100 50056
43100 50287
43100 50300
43100 50823
43100 50957
43100 51043
43100 51263
43100 51406
43100 51409
43100 51561
43100 51762
43100 51782
43100 51918
43100 51945
43100 52075
43100 5378
43100 54104
43100 54113
43100 5413
43100 5503
43100 55195
43100 5607
43100 56329
43100 56478
43100 56595
43100 56745
43100 57099
43100 57976
43100 59439
43100 59455
43100 59701
43100 59953
43100 60257
43100 6067
43100 60793
43100 60868
43100 61049
43100 61124
43100 62240
43100 63949
43100 64271
43100 64415
43100 6507
43100 6774
43100 6894
43100 6908
43100 6939
43100 714
43100 7342
43100 7713
43100 8075
43100 8190
43100 8218
43100 8282
43100 8330
43100 8426
43100 8468
43100 8530
43100 8607
43100 8674
43100 8676
43100 8683
43100 8838
43100 8897
43100 8916
43100 8966
43100 9009
43323 12041
43323 12390
43323 197898
43323 200052
43323 34660
43323 43100
43323 43545
43323 44611
43323 45430
43323 51561
43323 7713
43323 8218
43323 8966
43531 12041
43531 12390
43531 197898
43531 200052
43531 34660
43531 43100
43531 43545
43531 44611
43531 45430
43531 51561
43531 7713
43531 8218
43531 8966
 43545
43545 
43545 10310
43545 12041
43545 12200
43545 12390
43545 12496
43545 12519
43545 12654
43545 12775
43545 13009
43545 13030
43545 13037
43545 13335
43545 13414
43545 136620
43545 14340
43545 14413
43545 14492
43545 15169
43545 15830
43545 16162
43545 16265
43545 16353
43545 16376
43545 16509
43545 197898
43545 197913
43545 198440
43545 198736
43545 199335
43545 199659
43545 200052
43545 200612
43545 204913
43545 205389
43545 20562
43545 206347
43545 20712
43545 20738
43545 20915
43545 20940
43545 20952
43545 21321
43545 21345
43545 21371
43545 21396
43545 24482
43545 24916
43545 25061
43545 25152
43545 25160
43545 25178
43545 25180
43545 2529
43545 25369
43545 25577
43545 2603
43545 2818
43545 28792
43545 29017
43545 2906
43545 29129
43545 29550
43545 29611
43545 29676
43545 30740
43545 30781
43545 30803
43545 31122
43545 31402
43545 31459
43545 31463
43545 31472
43545 31595
43545 31655
43545 31712
43545 31742
43545 3213
43545 32787
43545 33073
43545 33438
43545 33445
43545 33920
43545 33941
43545 34066
43545 34442
43545 34555
43545 34660
43545 34746
43545 34790
43545 35266
43545 35425
43545 35575
43545 36692
43545 37271
43545 3856
43545 39295
43545 39326
43545 39522
43545 39545
43545 41000
43545 41103
43545 41230
43545 41678
43545 41963
43545 42
43545 42010
43545 42353
43545 42455
43545 42579
43545 42689
43545 42831
43545 43013
43545 43100
43545 43323
43545 43531
43545 44356
43545 44444
43545 44611
43545 44684
43545 45014
43545 45430
43545 46489
43545 47474
43545 47480
43545 47866
43545 47998
43545 48620
43545 49158
43545 49344
43545 49375
43545 49544
43545 50023
43545 50056
43545 50287
43545 50300
43545 50823
43545 50957
43545 51043
43545 51263
43545 51406
43545 51409
43545 51561
43545 51762
43545 51782
43545 51918
43545 51945
43545 52075
43545 5378
43545 54104
43545 54113
43545 5413
43545 5503
43545 55195
43545 5607
43545 56329
43545 56478
43545 56595
43545 56745
43545 57099
43545 57976
43545 59439
43545 59455
43545 59701
43545 59953
43545 60257
43545 6067
43545 60793
43545 60868
43545 61049
43545 61124
43545 62240
43545 63949
43545 64271
43545 64415
43545 6507
43545 6774
43545 6894
43545 6908
43545 6939
43545 714
43545 7342
43545 7713
43545 8075
43545 8190
43545 8218
43545 8282
43545 8330
43545 8426
43545 8468
43545 8530
43545 8607
43545 8674
43545 8676
43545 8683
43545 8838
43545 8897
43545 8916
43545 8966
43545 9009
44356 12041
44356 12390
44356 197898
44356 200052
44356 34660
44356 43100
44356 43545
44356 44611
44356 45430
44356 51561
44356 7713
44356 8218
44356 8966
44444 12041
44444 12390
44444 197898
44444 200052
44444 34660
44444 43100
44444 43545
44444 44611
44444 45430
44444 51561
44444 7713
44444 8218
44444 8966
 44611
44611 
44611 10310
44611 12041
44611 12200
44611 12390
44611 12496
44611 12519
44611 12654
44611 12775
44611 13009
44611 13030
44611 13037
44611 13335
44611 13414
44611 136620
44611 14340
44611 14413
44611 14492
44611 15169
44611 15830
44611 16162
44611 16265
44611 16353
44611 16376
44611 16509
44611 197898
44611 197913
44611 198440
44611 198736
44611 199335
44611 199659
44611 200052
44611 200612
44611 204913
44611 205389
44611 20562
44611 206347
44611 20712
44611 20738
44611 20915
44611 20940
44611 20952
44611 21321
44611 21345
44611 21371
44611 21396
44611 24482
44611 24916
44611 25061
44611 25152
44611 25160
44611 25178
44611 25180
44611 2529
44611 25369
44611 25577
44611 2603
44611 2818
44611 28792
44611 29017
44611 2906
44611 29129
44611 29550
44611 29611
44611 29676
44611 30740
44611 30781
44611 30803
44611 31122
44611 31402
44611 31459
44611 31463
44611 31472
44611 31595
44611 31655
44611 31712
44611 31742
44611 3213
44611 32787
44611 33073
44611 33438
44611 33445
44611 33920
44611 33941
44611 34066
44611 34442
44611 34555
44611 34660
44611 34746
44611 34790
44611 35266
44611 35425
44611 35575
44611 36692
44611 37271
44611 3856
44611 39295
44611 39326
44611 39522
44611 39545
44611 41000
44611 41103
44611 41230
44611 41678
44611 41963
44611 42
44611 42010
44611 42353
44611 42455
44611 42579
44611 42689
44611 42831
44611 43013
44611 43100
44611 43323
44611 43531
44611 43545
44611 44356
44611 44444
44611 44684
44611 45014
44611 45430
44611 46489
44611 47474
44611 47480
44611 47866
44611 47998
44611 48620
44611 49158
44611 49344
44611 49375
44611 49544
44611 50023
44611 50056
44611 50287
44611 50300
44611 50823
44611 50957
44611 51043
44611 51263
44611 51406
44611 51409
44611 51561
44611 51762
44611 51782
44611 51918
44611 51945
44611 52075
44611 5378
44611 54104
44611 54113
44611 5413
44611 5503
44611 55195
44611 5607
44611 56329
44611 56478
44611 56595
44611 56745
44611 57099
44611 57976
44611 59439
44611 59455
44611 59701
44611 59953
44611 60257
44611 6067
44611 60793
44611 60868
44611 61049
44611 61124
44611 62240
44611 63949
44611 64271
44611 64415
44611 6507
44611 6774
44611 6894
44611 6908
44611 6939
44611 714
44611 7342
44611 7713
44611 8075
44611 8190
44611 8218
44611 8282
44611 8330
44611 8426
44611 8468
44611 8530
44611 8607
44611 8674
44611 8676
44611 8683
44611 8838
44611 8897
44611 8916
44611 8966
44611 9009
44684 12041
44684 12390
44684 197898
44684 200052
44684 34660
44684 43100
44684 43545
44684 44611
44684 45430
44684 51561
44684 7713
44684 8218
44684 8966
45014 12041
45014 12390
45014 197898
45014 200052
45014 34660
45014 43100
45014 43545
45014 44611
45014 45430
45014 51561
45014 7713
45014 8218
45014 8966
 45430
45430 
45430 10310
45430 12041
45430 12200
45430 12390
45430 12496
45430 12519
45430 12654
45430 12775
45430 13009
45430 13030
45430 13037
45430 13335
45430 13414
45430 136620
45430 14340
45430 14413
45430 14492
45430 15169
45430 15830
45430 16162
45430 16265
45430 16353
45430 16376
45430 16509
45430 197898
45430 197913
45430 198440
45430 198736
45430 199335
45430 199659
45430 200052
45430 200612
45430 204913
45430 205389
45430 20562
45430 206347
45430 20712
45430 20738
45430 20915
45430 20940
45430 20952
45430 21321
45430 21345
45430 21371
45430 21396
45430 24482
45430 24916
45430 25061
45430 25152
45430 25160
45430 25178
45430 25180
45430 2529
45430 25369
45430 25577
45430 2603
45430 2818
45430 28792
45430 29017
45430 2906
45430 29129
45430 29550
45430 29611
45430 29676
45430 30740
45430 30781
45430 30803
45430 31122
45430 31402
45430 31459
45430 31463
45430 31472
45430 31595
45430 31655
45430 31712
45430 31742
45430 3213
45430 32787
45430 33073
45430 33438
45430 33445
45430 33920
45430 33941
45430 34066
45430 34442
45430 34555
45430 34660
45430 34746
45430 34790
45430 35266
45430 35425
45430 35575
45430 36692
45430 37271
45430 3856
45430 39295
45430 39326
45430 39522
45430 39545
45430 41000
45430 41103
45430 41230
45430 41678
45430 41963
45430 42
45430 42010
45430 42353
45430 42455
45430 42579
45430 42689
45430 42831
45430 43013
45430 43100
45430 43323
45430 43531
45430 43545
45430 44356
45430 44444
45430 44611
45430 44684
45430 45014
45430 46489
45430 47474
45430 47480
45430 47866
45430 47998
45430 48620
45430 49158
45430 49344
45430 49375
45430 49544
45430 50023
45430 50056
45430 50287
45430 50300
45430 50823
45430 50957
45430 51043
45430 51263
45430 51406
45430 51409
45430 51561
45430 51762
45430 51782
45430 51918
45430 51945
45430 52075
45430 5378
45430 54104
45430 54113
45430 5413
45430 5503
45430 55195
45430 5607
45430 56329
45430 56478
45430 56595
45430 56745
45430 57099
45430 57976
45430 59439
45430 59455
45430 59701
45430 59953
45430 60257
45430 6067
45430 60793
45430 60868
45430 61049
45430 61124
45430 62240
45430 63949
45430 64271
45430 64415
45430 6507
45430 6774
45430 6894
45430 6908
45430 6939
45430 714
45430 7342
45430 7713
45430 8075
45430 8190
45430 8218
45430 8282
45430 8330
45430 8426
45430 8468
45430 8530
45430 8607
45430 8674
45430 8676
45430 8683
45430 8838
45430 8897
45430 8916
45430 8966
45430 9009
46489 12041
46489 12390
46489 197898
46489 200052
46489 34660
46489 43100
46489 43545
46489 44611
46489 45430
46489 51561
46489 7713
46489 8218
46489 8966
47474 12041
47474 12390
47474 197898
47474 200052
47474 34660
47474 43100
47474 43545
47474 44611
47474 45430
47474 51561
47474 7713
47474 8218
47474 8966
47480 12041
47480 12390
47480 197898
47480 200052
47480 34660
47480 43100
47480 43545
47480 44611
47480 45430
47480 51561
47480 7713
47480 8218
47480 8966
47866 12041
47866 12390
47866 197898
47866 200052
47866 34660
47866 43100
47866 43545
47866 44611
47866 45430
47866 51561
47866 7713
47866 8218
47866 8966
47998 12041
47998 12390
47998 197898
47998 200052
47998 34660
47998 43100
47998 43545
47998 44611
47998 45430
47998 51561
47998 7713
47998 8218
47998 8966
48620 12041
48620 12390
48620 197898
48620 200052
48620 34660
48620 43100
48620 43545
48620 44611
48620 45430
48620 51561
48620 7713
48620 8218
48620 8966
49158 12041
49158 12390
49158 197898
49158 200052
49158 34660
49158 43100
49158 43545
49158 44611
49158 45430
49158 51561
49158 7713
49158 8218
49158 8966
49344 12041
49344 12390
49344 197898
49344 200052
49344 34660
49344 43100
49344 43545
49344 44611
49344 45430
49344 51561
49344 7713
49344 8218
49344 8966
49375 12041
49375 12390
49375 197898
49375 200052
49375 34660
49375 43100
49375 43545
49375 44611
49375 45430
49375 51561
49375 7713
49375 8218
49375 8966
49544 12041
49544 12390
49544 197898
49544 200052
49544 34660
49544 43100
49544 43545
49544 44611
49544 45430
49544 51561
49544 7713
49544 8218
49544 8966
50023 12041
50023 12390
50023 197898
50023 200052
50023 34660
50023 43100
50023 43545
50023 44611
50023 45430
50023 51561
50023 7713
50023 8218
50023 8966
50056 12041
50056 12390
50056 197898
50056 200052
50056 34660
50056 43100
50056 43545
50056 44611
50056 45430
50056 51561
50056 7713
50056 8218
50056 8966
50287 12041
50287 12390
50287 197898
50287 200052
50287 34660
50287 43100
50287 43545
50287 44611
50287 45430
50287 51561
50287 7713
50287 8218
50287 8966
50300 12041
50300 12390
50300 197898
50300 200052
50300 34660
50300 43100
50300 43545
50300 44611
50300 45430
50300 51561
50300 7713
50300 8218
50300 8966
50823 12041
50823 12390
50823 197898
50823 200052
50823 34660
50823 43100
50823 43545
50823 44611
50823 45430
50823 51561
50823 7713
50823 8218
50823 8966
50957 12041
50957 12390
50957 197898
50957 200052
50957 34660
50957 43100
50957 43545
50957 44611
50957 45430
50957 51561
50957 7713
50957 8218
50957 8966
51043 12041
51043 12390
51043 197898
51043 200052
51043 34660
51043 43100
51043 43545
51043 44611
51043 45430
51043 51561
51043 7713
51043 8218
51043 8966
51263 12041
51263 12390
51263 197898
51263 200052
51263 34660
51263 43100
51263 43545
51263 44611
51263 45430
51263 51561
51263 7713
51263 8218
51263 8966
51406 12041
51406 12390
51406 197898
51406 200052
51406 34660
51406 43100
51406 43545
51406 44611
51406 45430
51406 51561
51406 7713
51406 8218
51406 8966
51409 12041
51409 12390
51409 197898
51409 200052
51409 34660
51409 43100
51409 43545
51409 44611
51409 45430
51409 51561
51409 7713
51409 8218
51409 8966
 51561
51561 
51561 10310
51561 12041
51561 12200
51561 12390
51561 12496
51561 12519
51561 12654
51561 12775
51561 13009
51561 13030
51561 13037
51561 13335
51561 13414
51561 136620
51561 14340
51561 14413
51561 14492
51561 15169
51561 15830
51561 16162
51561 16265
51561 16353
51561 16376
51561 16509
51561 197898
51561 197913
51561 198440
51561 198736
51561 199335
51561 199659
51561 200052
51561 200612
51561 204913
51561 205389
51561 20562
51561 206347
51561 20712
51561 20738
51561 20915
51561 20940
51561 20952
51561 21321
51561 21345
51561 21371
51561 21396
51561 24482
51561 24916
51561 25061
51561 25152
51561 25160
51561 25178
51561 25180
51561 2529
51561 25369
51561 25577
51561 2603
51561 2818
51561 28792
51561 29017
51561 2906
51561 29129
51561 29550
51561 29611
51561 29676
51561 30740
51561 30781
51561 30803
51561 31122
51561 31402
51561 31459
51561 31463
51561 31472
51561 31595
51561 31655
51561 31712
51561 31742
51561 3213
51561 32787
51561 33073
51561 33438
51561 33445
51561 33920
51561 33941
51561 34066
51561 34442
51561 34555
51561 34660
51561 34746
51561 34790
51561 35266
51561 35425
51561 35575
51561 36692
51561 37271
51561 3856
51561 39295
51561 39326
51561 39522
51561 39545
51561 41000
51561 41103
51561 41230
51561 41678
51561 41963
51561 42
51561 42010
51561 42353
51561 42455
51561 42579
51561 42689
51561 42831
51561 43013
51561 43100
51561 43323
51561 43531
51561 43545
51561 44356
51561 44444
51561 44611
51561 44684
51561 45014
51561 45430
51561 46489
51561 47474
51561 47480
51561 47866
51561 47998
51561 48620
51561 49158
51561 49344
51561 49375
51561 49544
51561 50023
51561 50056
51561 50287
51561 50300
51561 50823
51561 50957
51561 51043
51561 51263
51561 51406
51561 51409
51561 51762
51561 51782
51561 51918
51561 51945
51561 52075
51561 5378
51561 54104
51561 54113
51561 5413
51561 5503
51561 55195
51561 5607
51561 56329
51561 56478
51561 56595
51561 56745
51561 57099
51561 57976
51561 59439
51561 59455
51561 59701
51561 59953
51561 60257
51561 6067
51561 60793
51561 60868
51561 61049
51561 61124
51561 62240
51561 63949
51561 64271
51561 64415
51561 6507
51561 6774
51561 6894
51561 6908
51561 6939
51561 714
51561 7342
51561 7713
51561 8075
51561 8190
51561 8218
51561 8282
51561 8330
51561 8426
51561 8468
51561 8530
51561 8607
51561 8674
51561 8676
51561 8683
51561 8838
51561 8897
51561 8916
51561 8966
51561 9009
51762 12041
51762 12390
51762 197898
51762 200052
51762 34660
51762 43100
51762 43545
51762 44611
51762 45430
51762 51561
51762 7713
51762 8218
51762 8966
51782 12041
51782 12390
51782 197898
51782 200052
51782 34660
51782 43100
51782 43545
51782 44611
51782 45430
51782 51561
51782 7713
51782 8218
51782 8966
51918 12041
51918 12390
51918 197898
51918 200052
51918 34660
51918 43100
51918 43545
51918 44611
51918 45430
51918 51561
51918 7713
51918 8218
51918 8966
51945 12041
51945 12390
51945 197898
51945 200052
51945 34660
51945 43100
51945 43545
51945 44611
51945 45430
51945 51561
51945 7713
51945 8218
51945 8966
52075 12041
52075 12390
52075 197898
52075 200052
52075 34660
52075 43100
52075 43545
52075 44611
52075 45430
52075 51561
52075 7713
52075 8218
52075 8966
5378 12041
5378 12390
5378 197898
5378 200052
5378 34660
5378 43100
5378 43545
5378 44611
5378 45430
5378 51561
5378 7713
5378 8218
5378 8966
54104 12041
54104 12390
54104 197898
54104 200052
54104 34660
54104 43100
54104 43545
54104 44611
54104 45430
54104 51561
54104 7713
54104 8218
54104 8966
54113 12041
54113 12390
54113 197898
54113 200052
54113 34660
54113 43100
54113 43545
54113 44611
54113 45430
54113 51561
54113 7713
54113 8218
54113 8966
5413 12041
5413 12390
5413 197898
5413 200052
5413 34660
5413 43100
5413 43545
5413 44611
5413 45430
5413 51561
5413 7713
5413 8218
5413 8966
5503 12041
5503 12390
5503 197898
5503 200052
5503 34660
5503 43100
5503 43545
5503 44611
5503 45430
5503 51561
5503 7713
5503 8218
5503 8966
55195 12041
55195 12390
55195 197898
55195 200052
55195 34660
55195 43100
55195 43545
55195 44611
55195 45430
55195 51561
55195 7713
55195 8218
55195 8966
5607 12041
5607 12390
5607 197898
5607 200052
5607 34660
5607 43100
5607 43545
5607 44611
5607 45430
5607 51561
5607 7713
5607 8218
5607 8966
56329 12041
56329 12390
56329 197898
56329 200052
56329 34660
56329 43100
56329 43545
56329 44611
56329 45430
56329 51561
56329 7713
56329 8218
56329 8966
56478 12041
56478 12390
56478 197898
56478 200052
56478 34660
56478 43100
56478 43545
56478 44611
56478 45430
56478 51561
56478 7713
56478 8218
56478 8966
56595 12041
56595 12390
56595 197898
56595 200052
56595 34660
56595 43100
56595 43545
56595 44611
56595 45430
56595 51561
56595 7713
56595 8218
56595 8966
56745 12041
56745 12390
56745 197898
56745 200052
56745 34660
56745 43100
56745 43545
56745 44611
56745 45430
56745 51561
56745 7713
56745 8218
56745 8966
57099 12041
57099 12390
57099 197898
57099 200052
57099 34660
57099 43100
57099 43545
57099 44611
57099 45430
57099 51561
57099 7713
57099 8218
57099 8966
57976 12041
57976 12390
57976 197898
57976 200052
57976 34660
57976 43100
57976 43545
57976 44611
57976 45430
57976 51561
57976 7713
57976 8218
57976 8966
59439 12041
59439 12390
59439 197898
59439 200052
59439 34660
59439 43100
59439 43545
59439 44611
59439 45430
59439 51561
59439 7713
59439 8218
59439 8966
59455 12041
59455 12390
59455 197898
59455 200052
59455 34660
59455 43100
59455 43545
59455 44611
59455 45430
59455 51561
59455 7713
59455 8218
59455 8966
59701 12041
59701 12390
59701 197898
59701 200052
59701 34660
59701 43100
59701 43545
59701 44611
59701 45430
59701 51561
59701 7713
59701 8218
59701 8966
59953 12041
59953 12390
59953 197898
59953 200052
59953 34660
59953 43100
59953 43545
59953 44611
59953 45430
59953 51561
59953 7713
59953 8218
59953 8966
60257 12041
60257 12390
60257 197898
60257 200052
60257 34660
60257 43100
60257 43545
60257 44611
60257 45430
60257 51561
60257 7713
60257 8218
60257 8966
6067 12041
6067 12390
6067 197898
6067 200052
6067 34660
6067 43100
6067 43545
6067 44611
6067 45430
6067 51561
6067 7713
6067 8218
6067 8966
60793 12041
60793 12390
60793 197898
60793 200052
60793 34660
60793 43100
60793 43545
60793 44611
60793 45430
60793 51561
60793 7713
60793 8218
60793 8966
60868 12041
60868 12390
60868 197898
60868 200052
60868 34660
60868 43100
60868 43545
60868 44611
60868 45430
60868 51561
60868 7713
60868 8218
60868 8966
61049 12041
61049 12390
61049 197898
61049 200052
61049 34660
61049 43100
61049 43545
61049 44611
61049 45430
61049 51561
61049 7713
61049 8218
61049 8966
61124 12041
61124 12390
61124 197898
61124 200052
61124 34660
61124 43100
61124 43545
61124 44611
61124 45430
61124 51561
61124 7713
61124 8218
61124 8966
62240 12041
62240 12390
62240 197898
62240 200052
62240 34660
62240 43100
62240 43545
62240 44611
62240 45430
62240 51561
62240 7713
62240 8218
62240 8966
63949 12041
63949 12390
63949 197898
63949 200052
63949 34660
63949 43100
63949 43545
63949 44611
63949 45430
63949 51561
63949 7713
63949 8218
63949 8966
64271 12041
64271 12390
64271 197898
64271 200052
64271 34660
64271 43100
64271 43545
64271 44611
64271 45430
64271 51561
64271 7713
64271 8218
64271 8966
64415 12041
64415 12390
64415 197898
64415 200052
64415 34660
64415 43100
64415 43545
64415 44611
64415 45430
64415 51561
64415 7713
64415 8218
64415 8966
6507 12041
6507 12390
6507 197898
6507 200052
6507 34660
6507 43100
6507 43545
6507 44611
6507 45430
6507 51561
6507 7713
6507 8218
6507 8966
6774 12041
6774 12390
6774 197898
6774 200052
6774 34660
6774 43100
6774 43545
6774 44611
6774 45430
6774 51561
6774 7713
6774 8218
6774 8966
6894 12041
6894 12390
6894 197898
6894 200052
6894 34660
6894 43100
6894 43545
6894 44611
6894 45430
6894 51561
6894 7713
6894 8218
6894 8966
6908 12041
6908 12390
6908 197898
6908 200052
6908 34660
6908 43100
6908 43545
6908 44611
6908 45430
6908 51561
6908 7713
6908 8218
6908 8966
6939 12041
6939 12390
6939 197898
6939 200052
6939 34660
6939 43100
6939 43545
6939 44611
6939 45430
6939 51561
6939 7713
6939 8218
6939 8966
714 12041
714 12390
714 197898
714 200052
714 34660
714 43100
714 43545
714 44611
714 45430
714 51561
714 7713
714 8218
714 8966
7342 12041
7342 12390
7342 197898
7342 200052
7342 34660
7342 43100
7342 43545
7342 44611
7342 45430
7342 51561
7342 7713
7342 8218
7342 8966
 7713
7713 
7713 10310
7713 12041
7713 12200
7713 12390
7713 12496
7713 12519
7713 12654
7713 12775
7713 13009
7713 13030
7713 13037
7713 13335
7713 13414
7713 136620
7713 14340
7713 14413
7713 14492
7713 15169
7713 15830
7713 16162
7713 16265
7713 16353
7713 16376
7713 16509
7713 197898
7713 197913
7713 198440
7713 198736
7713 199335
7713 199659
7713 200052
7713 200612
7713 204913
7713 205389
7713 20562
7713 206347
7713 20712
7713 20738
7713 20915
7713 20940
7713 20952
7713 21321
7713 21345
7713 21371
7713 21396
7713 24482
7713 24916
7713 25061
7713 25152
7713 25160
7713 25178
7713 25180
7713 2529
7713 25369
7713 25577
7713 2603
7713 2818
7713 28792
7713 29017
7713 2906
7713 29129
7713 29550
7713 29611
7713 29676
7713 30740
7713 30781
7713 30803
7713 31122
7713 31402
7713 31459
7713 31463
7713 31472
7713 31595
7713 31655
7713 31712
7713 31742
7713 3213
7713 32787
7713 33073
7713 33438
7713 33445
7713 33920
7713 33941
7713 34066
7713 34442
7713 34555
7713 34660
7713 34746
7713 34790
7713 35266
7713 35425
7713 35575
7713 36692
7713 37271
7713 3856
7713 39295
7713 39326
7713 39522
7713 39545
7713 41000
7713 41103
7713 41230
7713 41678
7713 41963
7713 42
7713 42010
7713 42353
7713 42455
7713 42579
7713 42689
7713 42831
7713 43013
7713 43100
7713 43323
7713 43531
7713 43545
7713 44356
7713 44444
7713 44611
7713 44684
7713 45014
7713 45430
7713 46489
7713 47474
7713 47480
7713 47866
7713 47998
7713 48620
7713 49158
7713 49344
7713 49375
7713 49544
7713 50023
7713 50056
7713 50287
7713 50300
7713 50823
7713 50957
7713 51043
7713 51263
7713 51406
7713 51409
7713 51561
7713 51762
7713 51782
7713 51918
7713 51945
7713 52075
7713 5378
7713 54104
7713 54113
7713 5413
7713 5503
7713 55195
7713 5607
7713 56329
7713 56478
7713 56595
7713 56745
7713 57099
7713 57976
7713 59439
7713 59455
7713 59701
7713 59953
7713 60257
7713 6067
7713 60793
7713 60868
7713 61049
7713 61124
7713 62240
7713 63949
7713 64271
7713 64415
7713 6507
7713 6774
7713 6894
7713 6908
7713 6939
7713 714
7713 7342
7713 8075
7713 8190
7713 8218
7713 8282
7713 8330
7713 8426
7713 8468
7713 8530
7713 8607
7713 8674
7713 8676
7713 8683
7713 8838
7713 8897
7713 8916
7713 8966
7713 9009
8075 12041
8075 12390
8075 197898
8075 200052
8075 34660
8075 43100
8075 43545
8075 44611
8075 45430
8075 51561
8075 7713
8075 8218
8075 8966
8190 12041
8190 12390
8190 197898
8190 200052
8190 34660
8190 43100
8190 43545
8190 44611
8190 45430
8190 51561
8190 7713
8190 8218
8190 8966
 8218
8218 
8218 10310
8218 12041
8218 12200
8218 12390
8218 12496
8218 12519
8218 12654
8218 12775
8218 13009
8218 13030
8218 13037
8218 13335
8218 13414
8218 136620
8218 14340
8218 14413
8218 14492
8218 15169
8218 15830
8218 16162
8218 16265
8218 16353
8218 16376
8218 16509
8218 197898
8218 197913
8218 198440
8218 198736
8218 199335
8218 199659
8218 200052
8218 200612
8218 204913
8218 205389
8218 20562
8218 206347
8218 20712
8218 20738
8218 20915
8218 20940
8218 20952
8218 21321
8218 21345
8218 21371
8218 21396
8218 24482
8218 24916
8218 25061
8218 25152
8218 25160
8218 25178
8218 25180
8218 2529
8218 25369
8218 25577
8218 2603
8218 2818
8218 28792
8218 29017
8218 2906
8218 29129
8218 29550
8218 29611
8218 29676
8218 30740
8218 30781
8218 30803
8218 31122
8218 31402
8218 31459
8218 31463
8218 31472
8218 31595
8218 31655
8218 31712
8218 31742
8218 3213
8218 32787
8218 33073
8218 33438
8218 33445
8218 33920
8218 33941
8218 34066
8218 34442
8218 34555
8218 34660
8218 34746
8218 34790
8218 35266
8218 35425
8218 35575
8218 36692
8218 37271
8218 3856
8218 39295
8218 39326
8218 39522
8218 39545
8218 41000
8218 41103
8218 41230
8218 41678
8218 41963
8218 42
8218 42010
8218 42353
8218 42455
8218 42579
8218 42689
8218 42831
8218 43013
8218 43100
8218 43323
8218 43531
8218 43545
8218 44356
8218 44444
8218 44611
8218 44684
8218 45014
8218 45430
8218 46489
8218 47474
8218 47480
8218 47866
8218 47998
8218 48620
8218 49158
8218 49344
8218 49375
8218 49544
8218 50023
8218 50056
8218 50287
8218 50300
8218 50823
8218 50957
8218 51043
8218 51263
8218 51406
8218 51409
8218 51561
8218 51762
8218 51782
8218 51918
8218 51945
8218 52075
8218 5378
8218 54104
8218 54113
8218 5413
8218 5503
8218 55195
8218 5607
8218 56329
8218 56478
8218 56595
8218 56745
8218 57099
8218 57976
8218 59439
8218 59455
8218 59701
8218 59953
8218 60257
8218 6067
8218 60793
8218 60868
8218 61049
8218 61124
8218 62240
8218 63949
8218 64271
8218 64415
8218 6507
8218 6774
8218 6894
8218 6908
8218 6939
8218 714
8218 7342
8218 7713
8218 8075
8218 8190
8218 8282
8218 8330
8218 8426
8218 8468
8218 8530
8218 8607
8218 8674
8218 8676
8218 8683
8218 8838
8218 8897
8218 8916
8218 8966
8218 9009
8282 12041
8282 12390
8282 197898
8282 200052
8282 34660
8282 43100
8282 43545
8282 44611
8282 45430
8282 51561
8282 7713
8282 8218
8282 8966
8330 12041
8330 12390
8330 197898
8330 200052
8330 34660
8330 43100
8330 43545
8330 44611
8330 45430
8330 51561
8330 7713
8330 8218
8330 8966
8426 12041
8426 12390
8426 197898
8426 200052
8426 34660
8426 43100
8426 43545
8426 44611
8426 45430
8426 51561
8426 7713
8426 8218
8426 8966
8468 12041
8468 12390
8468 197898
8468 200052
8468 34660
8468 43100
8468 43545
8468 44611
8468 45430
8468 51561
8468 7713
8468 8218
8468 8966
8530 12041
8530 12390
8530 197898
8530 200052
8530 34660
8530 43100
8530 43545
8530 44611
8530 45430
8530 51561
8530 7713
8530 8218
8530 8966
8607 12041
8607 12390
8607 197898
8607 200052
8607 34660
8607 43100
8607 43545
8607 44611
8607 45430
8607 51561
8607 7713
8607 8218
8607 8966
8674 12041
8674 12390
8674 197898
8674 200052
8674 34660
8674 43100
8674 43545
8674 44611
8674 45430
8674 51561
8674 7713
8674 8218
8674 8966
8676 12041
8676 12390
8676 197898
8676 200052
8676 34660
8676 43100
8676 43545
8676 44611
8676 45430
8676 51561
8676 7713
8676 8218
8676 8966
8683 12041
8683 12390
8683 197898
8683 200052
8683 34660
8683 43100
8683 43545
8683 44611
8683 45430
8683 51561
8683 7713
8683 8218
8683 8966
8838 12041
8838 12390
8838 197898
8838 200052
8838 34660
8838 43100
8838 43545
8838 44611
8838 45430
8838 51561
8838 7713
8838 8218
8838 8966
8897 12041
8897 12390
8897 197898
8897 200052
8897 34660
8897 43100
8897 43545
8897 44611
8897 45430
8897 51561
8897 7713
8897 8218
8897 8966
8916 12041
8916 12390
8916 197898
8916 200052
8916 34660
8916 43100
8916 43545
8916 44611
8916 45430
8916 51561
8916 7713
8916 8218
8916 8966
 8966
8966 
8966 10310
8966 12041
8966 12200
8966 12390
8966 12496
8966 12519
8966 12654
8966 12775
8966 13009
8966 13030
8966 13037
8966 13335
8966 13414
8966 136620
8966 14340
8966 14413
8966 14492
8966 15169
8966 15830
8966 16162
8966 16265
8966 16353
8966 16376
8966 16509
8966 197898
8966 197913
8966 198440
8966 198736
8966 199335
8966 199659
8966 200052
8966 200612
8966 204913
8966 205389
8966 20562
8966 206347
8966 20712
8966 20738
8966 20915
8966 20940
8966 20952
8966 21321
8966 21345
8966 21371
8966 21396
8966 24482
8966 24916
8966 25061
8966 25152
8966 25160
8966 25178
8966 25180
8966 2529
8966 25369
8966 25577
8966 2603
8966 2818
8966 28792
8966 29017
8966 2906
8966 29129
8966 29550
8966 29611
8966 29676
8966 30740
8966 30781
8966 30803
8966 31122
8966 31402
8966 31459
8966 31463
8966 31472
8966 31595
8966 31655
8966 31712
8966 31742
8966 3213
8966 32787
8966 33073
8966 33438
8966 33445
8966 33920
8966 33941
8966 34066
8966 34442
8966 34555
8966 34660
8966 34746
8966 34790
8966 35266
8966 35425
8966 35575
8966 36692
8966 37271
8966 3856
8966 39295
8966 39326
8966 39522
8966 39545
8966 41000
8966 41103
8966 41230
8966 41678
8966 41963
8966 42
8966 42010
8966 42353
8966 42455
8966 42579
8966 42689
8966 42831
8966 43013
8966 43100
8966 43323
8966 43531
8966 43545
8966 44356
8966 44444
8966 44611
8966 44684
8966 45014
8966 45430
8966 46489
8966 47474
8966 47480
8966 47866
8966 47998
8966 48620
8966 49158
8966 49344
8966 49375
8966 49544
8966 50023
8966 50056
8966 50287
8966 50300
8966 50823
8966 50957
8966 51043
8966 51263
8966 51406
8966 51409
8966 51561
8966 51762
8966 51782
8966 51918
8966 51945
8966 52075
8966 5378
8966 54104
8966 54113
8966 5413
8966 5503
8966 55195
8966 5607
8966 56329
8966 56478
8966 56595
8966 56745
8966 57099
8966 57976
8966 59439
8966 59455
8966 59701
8966 59953
8966 60257
8966 6067
8966 60793
8966 60868
8966 61049
8966 61124
8966 62240
8966 63949
8966 64271
8966 64415
8966 6507
8966 6774
8966 6894
8966 6908
8966 6939
8966 714
8966 7342
8966 7713
8966 8075
8966 8190
8966 8218
8966 8282
8966 8330
8966 8426
8966 8468
8966 8530
8966 8607
8966 8674
8966 8676
8966 8683
8966 8838
8966 8897
8966 8916
8966 9009
9009 12041
9009 12390
9009 197898
9009 200052
9009 34660
9009 43100
9009 43545
9009 44611
9009 45430
9009 51561
9009 7713
9009 8218
9009 8966
