12508 25248
12508 2607
12508 34820
12508 42841
12570 25248
12570 2607
12570 34820
12570 42841
12905 25248
12905 2607
12905 34820
12905 42841
15935 25248
15935 2607
15935 34820
15935 42841
15962 25248
15962 2607
15962 34820
15962 42841
16160 25248
16160 2607
16160 34820
16160 42841
16367 25248
16367 2607
16367 34820
16367 42841
199803 25248
199803 2607
199803 34820
199803 42841
204948 25248
204948 2607
204948 34820
204948 42841
205168 25248
205168 2607
205168 34820
205168 42841
206055 25248
206055 2607
206055 34820
206055 42841
21019 25248
21019 2607
21019 34820
21019 42841
24806 25248
24806 2607
24806 34820
24806 42841
24971 25248
24971 2607
24971 34820
24971 42841
25248 12508
25248 12570
25248 12905
25248 15935
25248 15962
25248 16160
25248 16367
25248 199803
25248 204948
25248 205168
25248 206055
25248 21019
25248 24806
25248 24971
25248 25373
25248 25496
25248 2607
25248 28952
25248 29208
25248 29405
25248 30929
25248 31117
25248 31127
25248 31246
25248 34820
25248 35328
25248 35592
25248 38949
25248 42005
25248 42841
25248 43248
25248 43451
25248 43653
25248 44185
25248 48326
25248 49044
25248 49115
25248 49460
25248 50128
25248 50953
25248 51947
25248 5578
25248 5588
25248 56349
25248 56656
25248 56800
25248 56926
25248 57760
25248 59949
25248 64488
25248 6663
25248 6830
25248 6855
25248 8264
25248 8620
25248 8778
25248 8928
25373 25248
25373 2607
25373 34820
25373 42841
25496 25248
25496 2607
25496 34820
25496 42841
2607 12508
2607 12570
2607 12905
2607 15935
2607 15962
2607 16160
2607 16367
2607 199803
2607 204948
2607 205168
2607 206055
2607 21019
2607 24806
2607 24971
2607 25248
2607 25373
2607 25496
2607 28952
2607 29208
2607 29405
2607 30929
2607 31117
2607 31127
2607 31246
2607 34820
2607 35328
2607 35592
2607 38949
2607 42005
2607 42841
2607 43248
2607 43451
2607 43653
2607 44185
2607 48326
2607 49044
2607 49115
2607 49460
2607 50128
2607 50953
2607 51947
2607 5578
2607 5588
2607 56349
2607 56656
2607 56800
2607 56926
2607 57760
2607 59949
2607 64488
2607 6663
2607 6830
2607 6855
2607 8264
2607 8620
2607 8778
2607 8928
28952 25248
28952 2607
28952 34820
28952 42841
29208 25248
29208 2607
29208 34820
29208 42841
29405 25248
29405 2607
29405 34820
29405 42841
30929 25248
30929 2607
30929 34820
30929 42841
31117 25248
31117 2607
31117 34820
31117 42841
31127 25248
31127 2607
31127 34820
31127 42841
31246 25248
31246 2607
31246 34820
31246 42841
34820 12508
34820 12570
34820 12905
34820 15935
34820 15962
34820 16160
34820 16367
34820 199803
34820 204948
34820 205168
34820 206055
34820 21019
34820 24806
34820 24971
34820 25248
34820 25373
34820 25496
34820 2607
34820 28952
34820 29208
34820 29405
34820 30929
34820 31117
34820 31127
34820 31246
34820 35328
34820 35592
34820 38949
34820 42005
34820 42841
34820 43248
34820 43451
34820 43653
34820 44185
34820 48326
34820 49044
34820 49115
34820 49460
34820 50128
34820 50953
34820 51947
34820 5578
34820 5588
34820 56349
34820 56656
34820 56800
34820 56926
34820 57760
34820 59949
34820 64488
34820 6663
34820 6830
34820 6855
34820 8264
34820 8620
34820 8778
34820 8928
35328 25248
35328 2607
35328 34820
35328 42841
35592 25248
35592 2607
35592 34820
35592 42841
38949 25248
38949 2607
38949 34820
38949 42841
42005 25248
42005 2607
42005 34820
42005 42841
42841 12508
42841 12570
42841 12905
42841 15935
42841 15962
42841 16160
42841 16367
42841 199803
42841 204948
42841 205168
42841 206055
42841 21019
42841 24806
42841 24971
42841 25248
42841 25373
42841 25496
42841 2607
42841 28952
42841 29208
42841 29405
42841 30929
42841 31117
42841 31127
42841 31246
42841 34820
42841 35328
42841 35592
42841 38949
42841 42005
42841 43248
42841 43451
42841 43653
42841 44185
42841 48326
42841 49044
42841 49115
42841 49460
42841 50128
42841 50953
42841 51947
42841 5578
42841 5588
42841 56349
42841 56656
42841 56800
42841 56926
42841 57760
42841 59949
42841 64488
42841 6663
42841 6830
42841 6855
42841 8264
42841 8620
42841 8778
42841 8928
43248 25248
43248 2607
43248 34820
43248 42841
43451 25248
43451 2607
43451 34820
43451 42841
43653 25248
43653 2607
43653 34820
43653 42841
44185 25248
44185 2607
44185 34820
44185 42841
48326 25248
48326 2607
48326 34820
48326 42841
49044 25248
49044 2607
49044 34820
49044 42841
49115 25248
49115 2607
49115 34820
49115 42841
49460 25248
49460 2607
49460 34820
49460 42841
50128 25248
50128 2607
50128 34820
50128 42841
50953 25248
50953 2607
50953 34820
50953 42841
51947 25248
51947 2607
51947 34820
51947 42841
5578 25248
5578 2607
5578 34820
5578 42841
5588 25248
5588 2607
5588 34820
5588 42841
56349 25248
56349 2607
56349 34820
56349 42841
56656 25248
56656 2607
56656 34820
56656 42841
56800 25248
56800 2607
56800 34820
56800 42841
56926 25248
56926 2607
56926 34820
56926 42841
57760 25248
57760 2607
57760 34820
57760 42841
59949 25248
59949 2607
59949 34820
59949 42841
64488 25248
64488 2607
64488 34820
64488 42841
6663 25248
6663 2607
6663 34820
6663 42841
6830 25248
6830 2607
6830 34820
6830 42841
6855 25248
6855 2607
6855 34820
6855 42841
8264 25248
8264 2607
8264 34820
8264 42841
8620 25248
8620 2607
8620 34820
8620 42841
8778 25248
8778 2607
8778 34820
8778 42841
8928 25248
8928 2607
8928 34820
8928 42841
