10310 12605
10310 13004
10310 13101
10310 16265
10310 197540
10310 20562
10310 21013
10310 24724
10310 24940
10310 29208
10310 29545
10310 31510
10310 31543
10310 3209
10310 34288
10310 34594
10310 34772
10310 34779
10310 35339
10310 35369
10310 43061
10310 43848
10310 48339
10310 48362
10310 49808
10310 50507
10310 5578
10310 57463
10310 59890
10310 62239
10310 7713
10310 8445
1120 12605
1120 13004
1120 13101
1120 16265
1120 197540
1120 20562
1120 21013
1120 24724
1120 24940
1120 29208
1120 29545
1120 31510
1120 31543
1120 3209
1120 34288
1120 34594
1120 34772
1120 34779
1120 35339
1120 35369
1120 43061
1120 43848
1120 48339
1120 48362
1120 49808
1120 50507
1120 5578
1120 57463
1120 59890
1120 62239
1120 7713
1120 8445
12401 12605
12401 13004
12401 13101
12401 16265
12401 197540
12401 20562
12401 21013
12401 24724
12401 24940
12401 29208
12401 29545
12401 31510
12401 31543
12401 3209
12401 34288
12401 34594
12401 34772
12401 34779
12401 35339
12401 35369
12401 43061
12401 43848
12401 48339
12401 48362
12401 49808
12401 50507
12401 5578
12401 57463
12401 59890
12401 62239
12401 7713
12401 8445
12453 12605
12453 13004
12453 13101
12453 16265
12453 197540
12453 20562
12453 21013
12453 24724
12453 24940
12453 29208
12453 29545
12453 31510
12453 31543
12453 3209
12453 34288
12453 34594
12453 34772
12453 34779
12453 35339
12453 35369
12453 43061
12453 43848
12453 48339
12453 48362
12453 49808
12453 50507
12453 5578
12453 57463
12453 59890
12453 62239
12453 7713
12453 8445
1257 12605
1257 13004
1257 13101
1257 16265
1257 197540
1257 20562
1257 21013
1257 24724
1257 24940
1257 29208
1257 29545
1257 31510
1257 31543
1257 3209
1257 34288
1257 34594
1257 34772
1257 34779
1257 35339
1257 35369
1257 43061
1257 43848
1257 48339
1257 48362
1257 49808
1257 50507
1257 5578
1257 57463
1257 59890
1257 62239
12577 12605
12577 13004
12577 13101
12577 16265
12577 197540
12577 20562
12577 21013
12577 24724
12577 24940
12577 29208
12577 29545
12577 31510
12577 31543
12577 3209
12577 34288
12577 34594
12577 34772
12577 34779
12577 35339
12577 35369
12577 43061
12577 43848
12577 48339
12577 48362
12577 49808
12577 50507
12577 5578
12577 57463
12577 59890
12577 62239
1257 7713
12577 7713
12577 8445
1257 8445
12605 10310
12605 1120
12605 12401
12605 12453
12605 1257
12605 12577
12605 12654
12605 12895
12605 12971
12605 13004
12605 13030
12605 13046
12605 13064
12605 13101
12605 13237
12605 15702
12605 16099
12605 16265
12605 16276
12605 16314
12605 16509
12605 1764
12605 1853
12605 19551
12605 197540
12605 201214
12605 20562
12605 20704
12605 20751
12605 20940
12605 21013
12605 21320
12605 21360
12605 21385
12605 22822
12605 24724
12605 24864
12605 24940
12605 24953
12605 25011
12605 25152
12605 25255
12605 25447
12605 25467
12605 25575
12605 2635
12605 2686
12605 286
12605 28760
12605 28857
12605 28889
12605 29056
12605 2906
12605 29081
12605 29208
12605 29287
12605 29545
12605 30971
12605 31042
12605 31510
12605 31529
12605 31543
12605 3209
12605 3212
12605 3216
12605 3223
12605 32590
12605 32787
12605 32934
12605 3303
12605 3320
12605 3330
12605 33891
12605 34288
12605 34347
12605 34594
12605 34772
12605 34779
12605 35339
12605 35369
12605 3856
12605 38955
12605 39478
12605 39560
12605 39878
12605 39912
12605 41491
12605 42
12605 43061
12605 43848
12605 43957
12605 44306
12605 44765
12605 44865
12605 46489
12605 47147
12605 47692
12605 48339
12605 48362
12605 48943
12605 49808
12605 50507
12605 50629
12605 50782
12605 51184
12605 51265
12605 5400
12605 5403
12605 5578
12605 5588
12605 57169
12605 57463
12605 59890
12605 60517
12605 62239
12605 62363
12605 62373
12605 6507
12605 6663
12605 6720
12605 6730
12605 6798
12605 6830
12605 6939
12605 702
12605 7713
12605 8075
12605 8218
12605 8220
12605 8245
12605 8339
12605 8387
12605 8400
12605 8412
12605 8445
12605 8447
12605 8596
12605 8674
12605 8928
12605 9002
12605 9009
12605 9119
12654 12605
12654 13004
12654 13101
12654 16265
12654 197540
12654 20562
12654 21013
12654 24724
12654 24940
12654 29208
12654 29545
12654 31510
12654 31543
12654 3209
12654 34288
12654 34594
12654 34772
12654 34779
12654 35339
12654 35369
12654 43061
12654 43848
12654 48339
12654 48362
12654 49808
12654 50507
12654 5578
12654 57463
12654 59890
12654 62239
12654 7713
12654 8445
12895 12605
12895 13004
12895 13101
12895 16265
12895 197540
12895 20562
12895 21013
12895 24724
12895 24940
12895 29208
12895 29545
12895 31510
12895 31543
12895 3209
12895 34288
12895 34594
12895 34772
12895 34779
12895 35339
12895 35369
12895 43061
12895 43848
12895 48339
12895 48362
12895 49808
12895 50507
12895 5578
12895 57463
12895 59890
12895 62239
12895 7713
12895 8445
12971 12605
12971 13004
12971 13101
12971 16265
12971 197540
12971 20562
12971 21013
12971 24724
12971 24940
12971 29208
12971 29545
12971 31510
12971 31543
12971 3209
12971 34288
12971 34594
12971 34772
12971 34779
12971 35339
12971 35369
12971 43061
12971 43848
12971 48339
12971 48362
12971 49808
12971 50507
12971 5578
12971 57463
12971 59890
12971 62239
12971 7713
12971 8445
13004 10310
13004 1120
13004 12401
13004 12453
13004 1257
13004 12577
13004 12605
13004 12654
13004 12895
13004 12971
13004 13030
13004 13046
13004 13064
13004 13101
13004 13237
13004 15702
13004 16099
13004 16265
13004 16276
13004 16314
13004 16509
13004 1764
13004 1853
13004 19551
13004 197540
13004 201214
13004 20562
13004 20704
13004 20751
13004 20940
13004 21013
13004 21320
13004 21360
13004 21385
13004 22822
13004 24724
13004 24864
13004 24940
13004 24953
13004 25011
13004 25152
13004 25255
13004 25447
13004 25467
13004 25575
13004 2635
13004 2686
13004 286
13004 28760
13004 28857
13004 28889
13004 29056
13004 2906
13004 29081
13004 29208
13004 29287
13004 29545
13004 30971
13004 31042
13004 31510
13004 31529
13004 31543
13004 3209
13004 3212
13004 3216
13004 3223
13004 32590
13004 32787
13004 32934
13004 3303
13004 3320
13004 3330
13004 33891
13004 34288
13004 34347
13004 34594
13004 34772
13004 34779
13004 35339
13004 35369
13004 3856
13004 38955
13004 39478
13004 39560
13004 39878
13004 39912
13004 41491
13004 42
13004 43061
13004 43848
13004 43957
13004 44306
13004 44765
13004 44865
13004 46489
13004 47147
13004 47692
13004 48339
13004 48362
13004 48943
13004 49808
13004 50507
13004 50629
13004 50782
13004 51184
13004 51265
13004 5400
13004 5403
13004 5578
13004 5588
13004 57169
13004 57463
13004 59890
13004 60517
13004 62239
13004 62363
13004 62373
13004 6507
13004 6663
13004 6720
13004 6730
13004 6798
13004 6830
13004 6939
13004 702
13004 7713
13004 8075
13004 8218
13004 8220
13004 8245
13004 8339
13004 8387
13004 8400
13004 8412
13004 8445
13004 8447
13004 8596
13004 8674
13004 8928
13004 9002
13004 9009
13004 9119
13030 12605
13030 13004
13030 13101
13030 16265
13030 197540
13030 20562
13030 21013
13030 24724
13030 24940
13030 29208
13030 29545
13030 31510
13030 31543
13030 3209
13030 34288
13030 34594
13030 34772
13030 34779
13030 35339
13030 35369
13030 43061
13030 43848
13030 48339
13030 48362
13030 49808
13030 50507
13030 5578
13030 57463
13030 59890
13030 62239
13030 7713
13030 8445
13046 12605
13046 13004
13046 13101
13046 16265
13046 197540
13046 20562
13046 21013
13046 24724
13046 24940
13046 29208
13046 29545
13046 31510
13046 31543
13046 3209
13046 34288
13046 34594
13046 34772
13046 34779
13046 35339
13046 35369
13046 43061
13046 43848
13046 48339
13046 48362
13046 49808
13046 50507
13046 5578
13046 57463
13046 59890
13046 62239
13046 7713
13046 8445
13064 12605
13064 13004
13064 13101
13064 16265
13064 197540
13064 20562
13064 21013
13064 24724
13064 24940
13064 29208
13064 29545
13064 31510
13064 31543
13064 3209
13064 34288
13064 34594
13064 34772
13064 34779
13064 35339
13064 35369
13064 43061
13064 43848
13064 48339
13064 48362
13064 49808
13064 50507
13064 5578
13064 57463
13064 59890
13064 62239
13064 7713
13064 8445
13101 10310
13101 1120
13101 12401
13101 12453
13101 1257
13101 12577
13101 12605
13101 12654
13101 12895
13101 12971
13101 13004
13101 13030
13101 13046
13101 13064
13101 13237
13101 15702
13101 16099
13101 16265
13101 16276
13101 16314
13101 16509
13101 1764
13101 1853
13101 19551
13101 197540
13101 201214
13101 20562
13101 20704
13101 20751
13101 20940
13101 21013
13101 21320
13101 21360
13101 21385
13101 22822
13101 24724
13101 24864
13101 24940
13101 24953
13101 25011
13101 25152
13101 25255
13101 25447
13101 25467
13101 25575
13101 2635
13101 2686
13101 286
13101 28760
13101 28857
13101 28889
13101 29056
13101 2906
13101 29081
13101 29208
13101 29287
13101 29545
13101 30971
13101 31042
13101 31510
13101 31529
13101 31543
13101 3209
13101 3212
13101 3216
13101 3223
13101 32590
13101 32787
13101 32934
13101 3303
13101 3320
13101 3330
13101 33891
13101 34288
13101 34347
13101 34594
13101 34772
13101 34779
13101 35339
13101 35369
13101 3856
13101 38955
13101 39478
13101 39560
13101 39878
13101 39912
13101 41491
13101 42
13101 43061
13101 43848
13101 43957
13101 44306
13101 44765
13101 44865
13101 46489
13101 47147
13101 47692
13101 48339
13101 48362
13101 48943
13101 49808
13101 50507
13101 50629
13101 50782
13101 51184
13101 51265
13101 5400
13101 5403
13101 5578
13101 5588
13101 57169
13101 57463
13101 59890
13101 60517
13101 62239
13101 62363
13101 62373
13101 6507
13101 6663
13101 6720
13101 6730
13101 6798
13101 6830
13101 6939
13101 702
13101 7713
13101 8075
13101 8218
13101 8220
13101 8245
13101 8339
13101 8387
13101 8400
13101 8412
13101 8445
13101 8447
13101 8596
13101 8674
13101 8928
13101 9002
13101 9009
13101 9119
13237 12605
13237 13004
13237 13101
13237 16265
13237 197540
13237 20562
13237 21013
13237 24724
13237 24940
13237 29208
13237 29545
13237 31510
13237 31543
13237 3209
13237 34288
13237 34594
13237 34772
13237 34779
13237 35339
13237 35369
13237 43061
13237 43848
13237 48339
13237 48362
13237 49808
13237 50507
13237 5578
13237 57463
13237 59890
13237 62239
13237 7713
13237 8445
15702 12605
15702 13004
15702 13101
15702 16265
15702 197540
15702 20562
15702 21013
15702 24724
15702 24940
15702 29208
15702 29545
15702 31510
15702 31543
15702 3209
15702 34288
15702 34594
15702 34772
15702 34779
15702 35339
15702 35369
15702 43061
15702 43848
15702 48339
15702 48362
15702 49808
15702 50507
15702 5578
15702 57463
15702 59890
15702 62239
15702 7713
15702 8445
16099 12605
16099 13004
16099 13101
16099 16265
16099 197540
16099 20562
16099 21013
16099 24724
16099 24940
16099 29208
16099 29545
16099 31510
16099 31543
16099 3209
16099 34288
16099 34594
16099 34772
16099 34779
16099 35339
16099 35369
16099 43061
16099 43848
16099 48339
16099 48362
16099 49808
16099 50507
16099 5578
16099 57463
16099 59890
16099 62239
16099 7713
16099 8445
16265 10310
16265 1120
16265 12401
16265 12453
16265 1257
16265 12577
16265 12605
16265 12654
16265 12895
16265 12971
16265 13004
16265 13030
16265 13046
16265 13064
16265 13101
16265 13237
16265 15702
16265 16099
16265 16276
16265 16314
16265 16509
16265 1764
16265 1853
16265 19551
16265 197540
16265 201214
16265 20562
16265 20704
16265 20751
16265 20940
16265 21013
16265 21320
16265 21360
16265 21385
16265 22822
16265 24724
16265 24864
16265 24940
16265 24953
16265 25011
16265 25152
16265 25255
16265 25447
16265 25467
16265 25575
16265 2635
16265 2686
16265 286
16265 28760
16265 28857
16265 28889
16265 29056
16265 2906
16265 29081
16265 29208
16265 29287
16265 29545
16265 30971
16265 31042
16265 31510
16265 31529
16265 31543
16265 3209
16265 3212
16265 3216
16265 3223
16265 32590
16265 32787
16265 32934
16265 3303
16265 3320
16265 3330
16265 33891
16265 34288
16265 34347
16265 34594
16265 34772
16265 34779
16265 35339
16265 35369
16265 3856
16265 38955
16265 39478
16265 39560
16265 39878
16265 39912
16265 41491
16265 42
16265 43061
16265 43848
16265 43957
16265 44306
16265 44765
16265 44865
16265 46489
16265 47147
16265 47692
16265 48339
16265 48362
16265 48943
16265 49808
16265 50507
16265 50629
16265 50782
16265 51184
16265 51265
16265 5400
16265 5403
16265 5578
16265 5588
16265 57169
16265 57463
16265 59890
16265 60517
16265 62239
16265 62363
16265 62373
16265 6507
16265 6663
16265 6720
16265 6730
16265 6798
16265 6830
16265 6939
16265 702
16265 7713
16265 8075
16265 8218
16265 8220
16265 8245
16265 8339
16265 8387
16265 8400
16265 8412
16265 8445
16265 8447
16265 8596
16265 8674
16265 8928
16265 9002
16265 9009
16265 9119
16276 12605
16276 13004
16276 13101
16276 16265
16276 197540
16276 20562
16276 21013
16276 24724
16276 24940
16276 29208
16276 29545
16276 31510
16276 31543
16276 3209
16276 34288
16276 34594
16276 34772
16276 34779
16276 35339
16276 35369
16276 43061
16276 43848
16276 48339
16276 48362
16276 49808
16276 50507
16276 5578
16276 57463
16276 59890
16276 62239
16276 7713
16276 8445
16314 12605
16314 13004
16314 13101
16314 16265
16314 197540
16314 20562
16314 21013
16314 24724
16314 24940
16314 29208
16314 29545
16314 31510
16314 31543
16314 3209
16314 34288
16314 34594
16314 34772
16314 34779
16314 35339
16314 35369
16314 43061
16314 43848
16314 48339
16314 48362
16314 49808
16314 50507
16314 5578
16314 57463
16314 59890
16314 62239
16314 7713
16314 8445
16509 12605
16509 13004
16509 13101
16509 16265
16509 197540
16509 20562
16509 21013
16509 24724
16509 24940
16509 29208
16509 29545
16509 31510
16509 31543
16509 3209
16509 34288
16509 34594
16509 34772
16509 34779
16509 35339
16509 35369
16509 43061
16509 43848
16509 48339
16509 48362
16509 49808
16509 50507
16509 5578
16509 57463
16509 59890
16509 62239
16509 7713
16509 8445
1764 12605
1764 13004
1764 13101
1764 16265
1764 197540
1764 20562
1764 21013
1764 24724
1764 24940
1764 29208
1764 29545
1764 31510
1764 31543
1764 3209
1764 34288
1764 34594
1764 34772
1764 34779
1764 35339
1764 35369
1764 43061
1764 43848
1764 48339
1764 48362
1764 49808
1764 50507
1764 5578
1764 57463
1764 59890
1764 62239
1764 7713
1764 8445
1853 12605
1853 13004
1853 13101
1853 16265
1853 197540
1853 20562
1853 21013
1853 24724
1853 24940
1853 29208
1853 29545
1853 31510
1853 31543
1853 3209
1853 34288
1853 34594
1853 34772
1853 34779
1853 35339
1853 35369
1853 43061
1853 43848
1853 48339
1853 48362
1853 49808
1853 50507
1853 5578
1853 57463
1853 59890
1853 62239
1853 7713
1853 8445
19551 12605
19551 13004
19551 13101
19551 16265
19551 197540
19551 20562
19551 21013
19551 24724
19551 24940
19551 29208
19551 29545
19551 31510
19551 31543
19551 3209
19551 34288
19551 34594
19551 34772
19551 34779
19551 35339
19551 35369
19551 43061
19551 43848
19551 48339
19551 48362
19551 49808
19551 50507
19551 5578
19551 57463
19551 59890
19551 62239
19551 7713
19551 8445
197540 10310
197540 1120
197540 12401
197540 12453
197540 1257
197540 12577
197540 12605
197540 12654
197540 12895
197540 12971
197540 13004
197540 13030
197540 13046
197540 13064
197540 13101
197540 13237
197540 15702
197540 16099
197540 16265
197540 16276
197540 16314
197540 16509
197540 1764
197540 1853
197540 19551
197540 201214
197540 20562
197540 20704
197540 20751
197540 20940
197540 21013
197540 21320
197540 21360
197540 21385
197540 22822
197540 24724
197540 24864
197540 24940
197540 24953
197540 25011
197540 25152
197540 25255
197540 25447
197540 25467
197540 25575
197540 2635
197540 2686
197540 286
197540 28760
197540 28857
197540 28889
197540 29056
197540 2906
197540 29081
197540 29208
197540 29287
197540 29545
197540 30971
197540 31042
197540 31510
197540 31529
197540 31543
197540 3209
197540 3212
197540 3216
197540 3223
197540 32590
197540 32787
197540 32934
197540 3303
197540 3320
197540 3330
197540 33891
197540 34288
197540 34347
197540 34594
197540 34772
197540 34779
197540 35339
197540 35369
197540 3856
197540 38955
197540 39478
197540 39560
197540 39878
197540 39912
197540 41491
197540 42
197540 43061
197540 43848
197540 43957
197540 44306
197540 44765
197540 44865
197540 46489
197540 47147
197540 47692
197540 48339
197540 48362
197540 48943
197540 49808
197540 50507
197540 50629
197540 50782
197540 51184
197540 51265
197540 5400
197540 5403
197540 5578
197540 5588
197540 57169
197540 57463
197540 59890
197540 60517
197540 62239
197540 62363
197540 62373
197540 6507
197540 6663
197540 6720
197540 6730
197540 6798
197540 6830
197540 6939
197540 702
197540 7713
197540 8075
197540 8218
197540 8220
197540 8245
197540 8339
197540 8387
197540 8400
197540 8412
197540 8445
197540 8447
197540 8596
197540 8674
197540 8928
197540 9002
197540 9009
197540 9119
201214 12605
201214 13004
201214 13101
201214 16265
201214 197540
201214 20562
201214 21013
201214 24724
201214 24940
201214 29208
201214 29545
201214 31510
201214 31543
201214 3209
201214 34288
201214 34594
201214 34772
201214 34779
201214 35339
201214 35369
201214 43061
201214 43848
201214 48339
201214 48362
201214 49808
201214 50507
201214 5578
201214 57463
201214 59890
201214 62239
201214 7713
201214 8445
20562 10310
20562 1120
20562 12401
20562 12453
20562 1257
20562 12577
20562 12605
20562 12654
20562 12895
20562 12971
20562 13004
20562 13030
20562 13046
20562 13064
20562 13101
20562 13237
20562 15702
20562 16099
20562 16265
20562 16276
20562 16314
20562 16509
20562 1764
20562 1853
20562 19551
20562 197540
20562 201214
20562 20704
20562 20751
20562 20940
20562 21013
20562 21320
20562 21360
20562 21385
20562 22822
20562 24724
20562 24864
20562 24940
20562 24953
20562 25011
20562 25152
20562 25255
20562 25447
20562 25467
20562 25575
20562 2635
20562 2686
20562 286
20562 28760
20562 28857
20562 28889
20562 29056
20562 2906
20562 29081
20562 29208
20562 29287
20562 29545
20562 30971
20562 31042
20562 31510
20562 31529
20562 31543
20562 3209
20562 3212
20562 3216
20562 3223
20562 32590
20562 32787
20562 32934
20562 3303
20562 3320
20562 3330
20562 33891
20562 34288
20562 34347
20562 34594
20562 34772
20562 34779
20562 35339
20562 35369
20562 3856
20562 38955
20562 39478
20562 39560
20562 39878
20562 39912
20562 41491
20562 42
20562 43061
20562 43848
20562 43957
20562 44306
20562 44765
20562 44865
20562 46489
20562 47147
20562 47692
20562 48339
20562 48362
20562 48943
20562 49808
20562 50507
20562 50629
20562 50782
20562 51184
20562 51265
20562 5400
20562 5403
20562 5578
20562 5588
20562 57169
20562 57463
20562 59890
20562 60517
20562 62239
20562 62363
20562 62373
20562 6507
20562 6663
20562 6720
20562 6730
20562 6798
20562 6830
20562 6939
20562 702
20562 7713
20562 8075
20562 8218
20562 8220
20562 8245
20562 8339
20562 8387
20562 8400
20562 8412
20562 8445
20562 8447
20562 8596
20562 8674
20562 8928
20562 9002
20562 9009
20562 9119
20704 12605
20704 13004
20704 13101
20704 16265
20704 197540
20704 20562
20704 21013
20704 24724
20704 24940
20704 29208
20704 29545
20704 31510
20704 31543
20704 3209
20704 34288
20704 34594
20704 34772
20704 34779
20704 35339
20704 35369
20704 43061
20704 43848
20704 48339
20704 48362
20704 49808
20704 50507
20704 5578
20704 57463
20704 59890
20704 62239
20704 7713
20704 8445
20751 12605
20751 13004
20751 13101
20751 16265
20751 197540
20751 20562
20751 21013
20751 24724
20751 24940
20751 29208
20751 29545
20751 31510
20751 31543
20751 3209
20751 34288
20751 34594
20751 34772
20751 34779
20751 35339
20751 35369
20751 43061
20751 43848
20751 48339
20751 48362
20751 49808
20751 50507
20751 5578
20751 57463
20751 59890
20751 62239
20751 7713
20751 8445
20940 12605
20940 13004
20940 13101
20940 16265
20940 197540
20940 20562
20940 21013
20940 24724
20940 24940
20940 29208
20940 29545
20940 31510
20940 31543
20940 3209
20940 34288
20940 34594
20940 34772
20940 34779
20940 35339
20940 35369
20940 43061
20940 43848
20940 48339
20940 48362
20940 49808
20940 50507
20940 5578
20940 57463
20940 59890
20940 62239
20940 7713
20940 8445
21013 10310
21013 1120
21013 12401
21013 12453
21013 1257
21013 12577
21013 12605
21013 12654
21013 12895
21013 12971
21013 13004
21013 13030
21013 13046
21013 13064
21013 13101
21013 13237
21013 15702
21013 16099
21013 16265
21013 16276
21013 16314
21013 16509
21013 1764
21013 1853
21013 19551
21013 197540
21013 201214
21013 20562
21013 20704
21013 20751
21013 20940
21013 21320
21013 21360
21013 21385
21013 22822
21013 24724
21013 24864
21013 24940
21013 24953
21013 25011
21013 25152
21013 25255
21013 25447
21013 25467
21013 25575
21013 2635
21013 2686
21013 286
21013 28760
21013 28857
21013 28889
21013 29056
21013 2906
21013 29081
21013 29208
21013 29287
21013 29545
21013 30971
21013 31042
21013 31510
21013 31529
21013 31543
21013 3209
21013 3212
21013 3216
21013 3223
21013 32590
21013 32787
21013 32934
21013 3303
21013 3320
21013 3330
21013 33891
21013 34288
21013 34347
21013 34594
21013 34772
21013 34779
21013 35339
21013 35369
21013 3856
21013 38955
21013 39478
21013 39560
21013 39878
21013 39912
21013 41491
21013 42
21013 43061
21013 43848
21013 43957
21013 44306
21013 44765
21013 44865
21013 46489
21013 47147
21013 47692
21013 48339
21013 48362
21013 48943
21013 49808
21013 50507
21013 50629
21013 50782
21013 51184
21013 51265
21013 5400
21013 5403
21013 5578
21013 5588
21013 57169
21013 57463
21013 59890
21013 60517
21013 62239
21013 62363
21013 62373
21013 6507
21013 6663
21013 6720
21013 6730
21013 6798
21013 6830
21013 6939
21013 702
21013 7713
21013 8075
21013 8218
21013 8220
21013 8245
21013 8339
21013 8387
21013 8400
21013 8412
21013 8445
21013 8447
21013 8596
21013 8674
21013 8928
21013 9002
21013 9009
21013 9119
21320 12605
21320 13004
21320 13101
21320 16265
21320 197540
21320 20562
21320 21013
21320 24724
21320 24940
21320 29208
21320 29545
21320 31510
21320 31543
21320 3209
21320 34288
21320 34594
21320 34772
21320 34779
21320 35339
21320 35369
21320 43061
21320 43848
21320 48339
21320 48362
21320 49808
21320 50507
21320 5578
21320 57463
21320 59890
21320 62239
21320 7713
21320 8445
21360 12605
21360 13004
21360 13101
21360 16265
21360 197540
21360 20562
21360 21013
21360 24724
21360 24940
21360 29208
21360 29545
21360 31510
21360 31543
21360 3209
21360 34288
21360 34594
21360 34772
21360 34779
21360 35339
21360 35369
21360 43061
21360 43848
21360 48339
21360 48362
21360 49808
21360 50507
21360 5578
21360 57463
21360 59890
21360 62239
21360 7713
21360 8445
21385 12605
21385 13004
21385 13101
21385 16265
21385 197540
21385 20562
21385 21013
21385 24724
21385 24940
21385 29208
21385 29545
21385 31510
21385 31543
21385 3209
21385 34288
21385 34594
21385 34772
21385 34779
21385 35339
21385 35369
21385 43061
21385 43848
21385 48339
21385 48362
21385 49808
21385 50507
21385 5578
21385 57463
21385 59890
21385 62239
21385 7713
21385 8445
22822 12605
22822 13004
22822 13101
22822 16265
22822 197540
22822 20562
22822 21013
22822 24724
22822 24940
22822 29208
22822 29545
22822 31510
22822 31543
22822 3209
22822 34288
22822 34594
22822 34772
22822 34779
22822 35339
22822 35369
22822 43061
22822 43848
22822 48339
22822 48362
22822 49808
22822 50507
22822 5578
22822 57463
22822 59890
22822 62239
22822 7713
22822 8445
24724 10310
24724 1120
24724 12401
24724 12453
24724 1257
24724 12577
24724 12605
24724 12654
24724 12895
24724 12971
24724 13004
24724 13030
24724 13046
24724 13064
24724 13101
24724 13237
24724 15702
24724 16099
24724 16265
24724 16276
24724 16314
24724 16509
24724 1764
24724 1853
24724 19551
24724 197540
24724 201214
24724 20562
24724 20704
24724 20751
24724 20940
24724 21013
24724 21320
24724 21360
24724 21385
24724 22822
24724 24864
24724 24940
24724 24953
24724 25011
24724 25152
24724 25255
24724 25447
24724 25467
24724 25575
24724 2635
24724 2686
24724 286
24724 28760
24724 28857
24724 28889
24724 29056
24724 2906
24724 29081
24724 29208
24724 29287
24724 29545
24724 30971
24724 31042
24724 31510
24724 31529
24724 31543
24724 3209
24724 3212
24724 3216
24724 3223
24724 32590
24724 32787
24724 32934
24724 3303
24724 3320
24724 3330
24724 33891
24724 34288
24724 34347
24724 34594
24724 34772
24724 34779
24724 35339
24724 35369
24724 3856
24724 38955
24724 39478
24724 39560
24724 39878
24724 39912
24724 41491
24724 42
24724 43061
24724 43848
24724 43957
24724 44306
24724 44765
24724 44865
24724 46489
24724 47147
24724 47692
24724 48339
24724 48362
24724 48943
24724 49808
24724 50507
24724 50629
24724 50782
24724 51184
24724 51265
24724 5400
24724 5403
24724 5588
24724 57169
24724 57463
24724 59890
24724 60517
24724 62363
24724 62373
24724 6507
24724 6663
24724 6720
24724 6730
24724 6798
24724 6830
24724 6939
24724 702
24724 7713
24724 8075
24724 8218
24724 8220
24724 8245
24724 8339
24724 8387
24724 8400
24724 8412
24724 8445
24724 8447
24724 8596
24724 8674
24724 8928
24724 9002
24724 9009
24724 9119
24864 12605
24864 13004
24864 13101
24864 16265
24864 197540
24864 20562
24864 21013
24864 24724
24864 24940
24864 29208
24864 29545
24864 31510
24864 31543
24864 3209
24864 34288
24864 34594
24864 34772
24864 34779
24864 35339
24864 35369
24864 43061
24864 43848
24864 48339
24864 48362
24864 49808
24864 50507
24864 5578
24864 57463
24864 59890
24864 62239
24864 7713
24864 8445
24940 10310
24940 1120
24940 12401
24940 12453
24940 1257
24940 12577
24940 12605
24940 12654
24940 12895
24940 12971
24940 13004
24940 13030
24940 13046
24940 13064
24940 13101
24940 13237
24940 15702
24940 16099
24940 16265
24940 16276
24940 16314
24940 16509
24940 1764
24940 1853
24940 19551
24940 197540
24940 201214
24940 20562
24940 20704
24940 20751
24940 20940
24940 21013
24940 21320
24940 21360
24940 21385
24940 22822
24940 24724
24940 24864
24940 24953
24940 25011
24940 25152
24940 25255
24940 25447
24940 25467
24940 25575
24940 2635
24940 2686
24940 286
24940 28760
24940 28857
24940 28889
24940 29056
24940 2906
24940 29081
24940 29208
24940 29287
24940 29545
24940 30971
24940 31042
24940 31510
24940 31529
24940 31543
24940 3209
24940 3212
24940 3216
24940 3223
24940 32590
24940 32787
24940 32934
24940 3303
24940 3320
24940 3330
24940 33891
24940 34288
24940 34347
24940 34594
24940 34772
24940 34779
24940 35339
24940 35369
24940 3856
24940 38955
24940 39478
24940 39560
24940 39878
24940 39912
24940 41491
24940 42
24940 43061
24940 43848
24940 43957
24940 44306
24940 44765
24940 44865
24940 46489
24940 47147
24940 47692
24940 48339
24940 48362
24940 48943
24940 49808
24940 50507
24940 50629
24940 50782
24940 51184
24940 51265
24940 5400
24940 5403
24940 5578
24940 5588
24940 57169
24940 57463
24940 59890
24940 60517
24940 62239
24940 62363
24940 62373
24940 6507
24940 6663
24940 6720
24940 6730
24940 6798
24940 6830
24940 6939
24940 702
24940 7713
24940 8075
24940 8218
24940 8220
24940 8245
24940 8339
24940 8387
24940 8400
24940 8412
24940 8445
24940 8447
24940 8596
24940 8674
24940 8928
24940 9002
24940 9009
24940 9119
24953 12605
24953 13004
24953 13101
24953 16265
24953 197540
24953 20562
24953 21013
24953 24724
24953 24940
24953 29208
24953 29545
24953 31510
24953 31543
24953 3209
24953 34288
24953 34594
24953 34772
24953 34779
24953 35339
24953 35369
24953 43061
24953 43848
24953 48339
24953 48362
24953 49808
24953 50507
24953 5578
24953 57463
24953 59890
24953 62239
24953 7713
24953 8445
25011 12605
25011 13004
25011 13101
25011 16265
25011 197540
25011 20562
25011 21013
25011 24724
25011 24940
25011 29208
25011 29545
25011 31510
25011 31543
25011 3209
25011 34288
25011 34594
25011 34772
25011 34779
25011 35339
25011 35369
25011 43061
25011 43848
25011 48339
25011 48362
25011 49808
25011 50507
25011 5578
25011 57463
25011 59890
25011 62239
25011 7713
25011 8445
25152 12605
25152 13004
25152 13101
25152 16265
25152 197540
25152 20562
25152 21013
25152 24724
25152 24940
25152 29208
25152 29545
25152 31510
25152 31543
25152 3209
25152 34288
25152 34594
25152 34772
25152 34779
25152 35339
25152 35369
25152 43061
25152 43848
25152 48339
25152 48362
25152 49808
25152 50507
25152 5578
25152 57463
25152 59890
25152 62239
25152 7713
25152 8445
25255 12605
25255 13004
25255 13101
25255 16265
25255 197540
25255 20562
25255 21013
25255 24724
25255 24940
25255 29208
25255 29545
25255 31510
25255 31543
25255 3209
25255 34288
25255 34594
25255 34772
25255 34779
25255 35339
25255 35369
25255 43061
25255 43848
25255 48339
25255 48362
25255 49808
25255 50507
25255 5578
25255 57463
25255 59890
25255 62239
25255 7713
25255 8445
25447 12605
25447 13004
25447 13101
25447 16265
25447 197540
25447 20562
25447 21013
25447 24724
25447 24940
25447 29208
25447 29545
25447 31510
25447 31543
25447 3209
25447 34288
25447 34594
25447 34772
25447 34779
25447 35339
25447 35369
25447 43061
25447 43848
25447 48339
25447 48362
25447 49808
25447 50507
25447 5578
25447 57463
25447 59890
25447 62239
25447 7713
25447 8445
25467 12605
25467 13004
25467 13101
25467 16265
25467 197540
25467 20562
25467 21013
25467 24724
25467 24940
25467 29208
25467 29545
25467 31510
25467 31543
25467 3209
25467 34288
25467 34594
25467 34772
25467 34779
25467 35339
25467 35369
25467 43061
25467 43848
25467 48339
25467 48362
25467 49808
25467 50507
25467 5578
25467 57463
25467 59890
25467 62239
25467 7713
25467 8445
25575 12605
25575 13004
25575 13101
25575 16265
25575 197540
25575 20562
25575 21013
25575 24724
25575 24940
25575 29208
25575 29545
25575 31510
25575 31543
25575 3209
25575 34288
25575 34594
25575 34772
25575 34779
25575 35339
25575 35369
25575 43061
25575 43848
25575 48339
25575 48362
25575 49808
25575 50507
25575 5578
25575 57463
25575 59890
25575 62239
25575 7713
25575 8445
2635 12605
2635 13004
2635 13101
2635 16265
2635 197540
2635 20562
2635 21013
2635 24724
2635 24940
2635 29208
2635 29545
2635 31510
2635 31543
2635 3209
2635 34288
2635 34594
2635 34772
2635 34779
2635 35339
2635 35369
2635 43061
2635 43848
2635 48339
2635 48362
2635 49808
2635 50507
2635 5578
2635 57463
2635 59890
2635 62239
2635 7713
2635 8445
2686 12605
2686 13004
2686 13101
2686 16265
2686 197540
2686 20562
2686 21013
2686 24724
2686 24940
2686 29208
2686 29545
2686 31510
2686 31543
2686 3209
2686 34288
2686 34594
2686 34772
2686 34779
2686 35339
2686 35369
2686 43061
2686 43848
2686 48339
2686 48362
2686 49808
2686 50507
2686 5578
2686 57463
2686 59890
2686 62239
2686 7713
2686 8445
286 12605
286 13004
286 13101
286 16265
286 197540
286 20562
286 21013
286 24724
286 24940
286 29208
286 29545
286 31510
286 31543
286 3209
286 34288
286 34594
286 34772
286 34779
286 35339
286 35369
286 43061
286 43848
286 48339
286 48362
286 49808
286 50507
286 5578
286 57463
286 59890
286 62239
286 7713
286 8445
28760 12605
28760 13004
28760 13101
28760 16265
28760 197540
28760 20562
28760 21013
28760 24724
28760 24940
28760 29208
28760 29545
28760 31510
28760 31543
28760 3209
28760 34288
28760 34594
28760 34772
28760 34779
28760 35339
28760 35369
28760 43061
28760 43848
28760 48339
28760 48362
28760 49808
28760 50507
28760 5578
28760 57463
28760 59890
28760 62239
28760 7713
28760 8445
28857 12605
28857 13004
28857 13101
28857 16265
28857 197540
28857 20562
28857 21013
28857 24724
28857 24940
28857 29208
28857 29545
28857 31510
28857 31543
28857 3209
28857 34288
28857 34594
28857 34772
28857 34779
28857 35339
28857 35369
28857 43061
28857 43848
28857 48339
28857 48362
28857 49808
28857 50507
28857 5578
28857 57463
28857 59890
28857 62239
28857 7713
28857 8445
28889 12605
28889 13004
28889 13101
28889 16265
28889 197540
28889 20562
28889 21013
28889 24724
28889 24940
28889 29208
28889 29545
28889 31510
28889 31543
28889 3209
28889 34288
28889 34594
28889 34772
28889 34779
28889 35339
28889 35369
28889 43061
28889 43848
28889 48339
28889 48362
28889 49808
28889 50507
28889 5578
28889 57463
28889 59890
28889 62239
28889 7713
28889 8445
29056 12605
29056 13004
29056 13101
29056 16265
29056 197540
29056 20562
29056 21013
29056 24724
29056 24940
29056 29208
29056 29545
29056 31510
29056 31543
29056 3209
29056 34288
29056 34594
29056 34772
29056 34779
29056 35339
29056 35369
29056 43061
29056 43848
29056 48339
29056 48362
29056 49808
29056 50507
29056 5578
29056 57463
29056 59890
29056 62239
29056 7713
29056 8445
2906 12605
2906 13004
2906 13101
2906 16265
2906 197540
2906 20562
2906 21013
2906 24724
2906 24940
2906 29208
2906 29545
2906 31510
2906 31543
2906 3209
2906 34288
2906 34594
2906 34772
2906 34779
2906 35339
2906 35369
2906 43061
2906 43848
2906 48339
2906 48362
2906 49808
2906 50507
2906 5578
2906 57463
2906 59890
2906 62239
2906 7713
2906 8445
29081 12605
29081 13004
29081 13101
29081 16265
29081 197540
29081 20562
29081 21013
29081 24724
29081 24940
29081 29208
29081 29545
29081 31510
29081 31543
29081 3209
29081 34288
29081 34594
29081 34772
29081 34779
29081 35339
29081 35369
29081 43061
29081 43848
29081 48339
29081 48362
29081 49808
29081 50507
29081 5578
29081 57463
29081 59890
29081 62239
29081 7713
29081 8445
29208 10310
29208 1120
29208 12401
29208 12453
29208 1257
29208 12577
29208 12605
29208 12654
29208 12895
29208 12971
29208 13004
29208 13030
29208 13046
29208 13064
29208 13101
29208 13237
29208 15702
29208 16099
29208 16265
29208 16276
29208 16314
29208 16509
29208 1764
29208 1853
29208 19551
29208 197540
29208 201214
29208 20562
29208 20704
29208 20751
29208 20940
29208 21013
29208 21320
29208 21360
29208 21385
29208 22822
29208 24724
29208 24864
29208 24940
29208 24953
29208 25011
29208 25152
29208 25255
29208 25447
29208 25467
29208 25575
29208 2635
29208 2686
29208 286
29208 28760
29208 28857
29208 28889
29208 29056
29208 2906
29208 29081
29208 29287
29208 29545
29208 30971
29208 31042
29208 31510
29208 31529
29208 31543
29208 3209
29208 3212
29208 3216
29208 3223
29208 32590
29208 32787
29208 32934
29208 3303
29208 3320
29208 3330
29208 33891
29208 34288
29208 34347
29208 34594
29208 34772
29208 34779
29208 35339
29208 35369
29208 3856
29208 38955
29208 39478
29208 39560
29208 39878
29208 39912
29208 41491
29208 42
29208 43061
29208 43848
29208 43957
29208 44306
29208 44765
29208 44865
29208 46489
29208 47147
29208 47692
29208 48339
29208 48362
29208 48943
29208 49808
29208 50507
29208 50629
29208 50782
29208 51184
29208 51265
29208 5400
29208 5403
29208 5578
29208 5588
29208 57169
29208 57463
29208 59890
29208 60517
29208 62239
29208 62363
29208 62373
29208 6507
29208 6663
29208 6720
29208 6730
29208 6798
29208 6830
29208 6939
29208 702
29208 7713
29208 8075
29208 8218
29208 8220
29208 8245
29208 8339
29208 8387
29208 8400
29208 8412
29208 8445
29208 8447
29208 8596
29208 8674
29208 8928
29208 9002
29208 9009
29208 9119
29287 12605
29287 13004
29287 13101
29287 16265
29287 197540
29287 20562
29287 21013
29287 24724
29287 24940
29287 29208
29287 29545
29287 31510
29287 31543
29287 3209
29287 34288
29287 34594
29287 34772
29287 34779
29287 35339
29287 35369
29287 43061
29287 43848
29287 48339
29287 48362
29287 49808
29287 50507
29287 5578
29287 57463
29287 59890
29287 62239
29287 7713
29287 8445
29545 10310
29545 1120
29545 12401
29545 12453
29545 1257
29545 12577
29545 12605
29545 12654
29545 12895
29545 12971
29545 13004
29545 13030
29545 13046
29545 13064
29545 13101
29545 13237
29545 15702
29545 16099
29545 16265
29545 16276
29545 16314
29545 16509
29545 1764
29545 1853
29545 19551
29545 197540
29545 201214
29545 20562
29545 20704
29545 20751
29545 20940
29545 21013
29545 21320
29545 21360
29545 21385
29545 22822
29545 24724
29545 24864
29545 24940
29545 24953
29545 25011
29545 25152
29545 25255
29545 25447
29545 25467
29545 25575
29545 2635
29545 2686
29545 286
29545 28760
29545 28857
29545 28889
29545 29056
29545 2906
29545 29081
29545 29208
29545 29287
29545 30971
29545 31042
29545 31510
29545 31529
29545 31543
29545 3209
29545 3212
29545 3216
29545 3223
29545 32590
29545 32787
29545 32934
29545 3303
29545 3320
29545 3330
29545 33891
29545 34288
29545 34347
29545 34594
29545 34772
29545 34779
29545 35339
29545 35369
29545 3856
29545 38955
29545 39478
29545 39560
29545 39878
29545 39912
29545 41491
29545 42
29545 43061
29545 43848
29545 43957
29545 44306
29545 44765
29545 44865
29545 46489
29545 47147
29545 47692
29545 48339
29545 48362
29545 48943
29545 49808
29545 50507
29545 50629
29545 50782
29545 51184
29545 51265
29545 5400
29545 5403
29545 5578
29545 5588
29545 57169
29545 57463
29545 59890
29545 60517
29545 62239
29545 62363
29545 62373
29545 6507
29545 6663
29545 6720
29545 6730
29545 6798
29545 6830
29545 6939
29545 702
29545 7713
29545 8075
29545 8218
29545 8220
29545 8245
29545 8339
29545 8387
29545 8400
29545 8412
29545 8445
29545 8447
29545 8596
29545 8674
29545 8928
29545 9002
29545 9009
29545 9119
30971 12605
30971 13004
30971 13101
30971 16265
30971 197540
30971 20562
30971 21013
30971 24724
30971 24940
30971 29208
30971 29545
30971 31510
30971 31543
30971 3209
30971 34288
30971 34594
30971 34772
30971 34779
30971 35339
30971 35369
30971 43061
30971 43848
30971 48339
30971 48362
30971 49808
30971 50507
30971 5578
30971 57463
30971 59890
30971 62239
30971 7713
30971 8445
31042 12605
31042 13004
31042 13101
31042 16265
31042 197540
31042 20562
31042 21013
31042 24724
31042 24940
31042 29208
31042 29545
31042 31510
31042 31543
31042 3209
31042 34288
31042 34594
31042 34772
31042 34779
31042 35339
31042 35369
31042 43061
31042 43848
31042 48339
31042 48362
31042 49808
31042 50507
31042 5578
31042 57463
31042 59890
31042 62239
31042 7713
31042 8445
31510 10310
31510 1120
31510 12401
31510 12453
31510 1257
31510 12577
31510 12605
31510 12654
31510 12895
31510 12971
31510 13004
31510 13030
31510 13046
31510 13064
31510 13101
31510 13237
31510 15702
31510 16099
31510 16265
31510 16276
31510 16314
31510 16509
31510 1764
31510 1853
31510 19551
31510 197540
31510 201214
31510 20562
31510 20704
31510 20751
31510 20940
31510 21013
31510 21320
31510 21360
31510 21385
31510 22822
31510 24724
31510 24864
31510 24940
31510 24953
31510 25011
31510 25152
31510 25255
31510 25447
31510 25467
31510 25575
31510 2635
31510 2686
31510 286
31510 28760
31510 28857
31510 28889
31510 29056
31510 2906
31510 29081
31510 29208
31510 29287
31510 29545
31510 30971
31510 31042
31510 31529
31510 31543
31510 3209
31510 3212
31510 3216
31510 3223
31510 32590
31510 32787
31510 32934
31510 3303
31510 3320
31510 3330
31510 33891
31510 34288
31510 34347
31510 34594
31510 34772
31510 34779
31510 35339
31510 35369
31510 3856
31510 38955
31510 39478
31510 39560
31510 39878
31510 39912
31510 41491
31510 42
31510 43061
31510 43848
31510 43957
31510 44306
31510 44765
31510 44865
31510 46489
31510 47147
31510 47692
31510 48339
31510 48362
31510 48943
31510 49808
31510 50507
31510 50629
31510 50782
31510 51184
31510 51265
31510 5400
31510 5403
31510 5578
31510 5588
31510 57169
31510 57463
31510 59890
31510 60517
31510 62239
31510 62363
31510 62373
31510 6507
31510 6663
31510 6720
31510 6730
31510 6798
31510 6830
31510 6939
31510 702
31510 7713
31510 8075
31510 8218
31510 8220
31510 8245
31510 8339
31510 8387
31510 8400
31510 8412
31510 8445
31510 8447
31510 8596
31510 8674
31510 8928
31510 9002
31510 9009
31510 9119
31529 12605
31529 13004
31529 13101
31529 16265
31529 197540
31529 20562
31529 21013
31529 24724
31529 24940
31529 29208
31529 29545
31529 31510
31529 31543
31529 3209
31529 34288
31529 34594
31529 34772
31529 34779
31529 35339
31529 35369
31529 43061
31529 43848
31529 48339
31529 48362
31529 49808
31529 50507
31529 5578
31529 57463
31529 59890
31529 62239
31529 7713
31529 8445
31543 10310
31543 1120
31543 12401
31543 12453
31543 1257
31543 12577
31543 12605
31543 12654
31543 12895
31543 12971
31543 13004
31543 13030
31543 13046
31543 13064
31543 13101
31543 13237
31543 15702
31543 16099
31543 16265
31543 16276
31543 16314
31543 16509
31543 1764
31543 1853
31543 19551
31543 197540
31543 201214
31543 20562
31543 20704
31543 20751
31543 20940
31543 21013
31543 21320
31543 21360
31543 21385
31543 22822
31543 24724
31543 24864
31543 24940
31543 24953
31543 25011
31543 25152
31543 25255
31543 25447
31543 25467
31543 25575
31543 2635
31543 2686
31543 286
31543 28760
31543 28857
31543 28889
31543 29056
31543 2906
31543 29081
31543 29208
31543 29287
31543 29545
31543 30971
31543 31042
31543 31510
31543 31529
31543 3209
31543 3212
31543 3216
31543 3223
31543 32590
31543 32787
31543 32934
31543 3303
31543 3320
31543 3330
31543 33891
31543 34288
31543 34347
31543 34594
31543 34772
31543 34779
31543 35339
31543 35369
31543 3856
31543 38955
31543 39478
31543 39560
31543 39878
31543 39912
31543 41491
31543 42
31543 43061
31543 43848
31543 43957
31543 44306
31543 44765
31543 44865
31543 46489
31543 47147
31543 47692
31543 48339
31543 48362
31543 48943
31543 49808
31543 50507
31543 50629
31543 50782
31543 51184
31543 51265
31543 5400
31543 5403
31543 5578
31543 5588
31543 57169
31543 57463
31543 59890
31543 60517
31543 62239
31543 62363
31543 62373
31543 6507
31543 6663
31543 6720
31543 6730
31543 6798
31543 6830
31543 6939
31543 702
31543 7713
31543 8075
31543 8218
31543 8220
31543 8245
31543 8339
31543 8387
31543 8400
31543 8412
31543 8445
31543 8447
31543 8596
31543 8674
31543 8928
31543 9002
31543 9009
31543 9119
3209 10310
3209 1120
3209 12401
3209 12453
3209 1257
3209 12577
3209 12605
3209 12654
3209 12895
3209 12971
3209 13004
3209 13030
3209 13046
3209 13064
3209 13101
3209 13237
3209 15702
3209 16099
3209 16265
3209 16276
3209 16314
3209 16509
3209 1764
3209 1853
3209 19551
3209 197540
3209 201214
3209 20562
3209 20704
3209 20751
3209 20940
3209 21013
3209 21320
3209 21360
3209 21385
3209 22822
3209 24724
3209 24864
3209 24940
3209 24953
3209 25011
3209 25152
3209 25255
3209 25447
3209 25467
3209 25575
3209 2635
3209 2686
3209 286
3209 28760
3209 28857
3209 28889
3209 29056
3209 2906
3209 29081
3209 29208
3209 29287
3209 29545
3209 30971
3209 31042
3209 31510
3209 31529
3209 31543
3209 3212
3209 3216
3209 3223
3209 32590
3209 32787
3209 32934
3209 3303
3209 3320
3209 3330
3209 33891
3209 34288
3209 34347
3209 34594
3209 34772
3209 34779
3209 35339
3209 35369
3209 3856
3209 38955
3209 39478
3209 39560
3209 39878
3209 39912
3209 41491
3209 42
3209 43061
3209 43848
3209 43957
3209 44306
3209 44765
3209 44865
3209 46489
3209 47147
3209 47692
3209 48339
3209 48362
3209 48943
3209 49808
3209 50507
3209 50629
3209 50782
3209 51184
3209 51265
3209 5400
3209 5403
3209 5578
3209 5588
3209 57169
3209 57463
3209 59890
3209 60517
3209 62239
3209 62363
3209 62373
3209 6507
3209 6663
3209 6720
3209 6730
3209 6798
3209 6830
3209 6939
3209 702
3209 7713
3209 8075
3209 8218
3209 8220
3209 8245
3209 8339
3209 8387
3209 8400
3209 8412
3209 8445
3209 8447
3209 8596
3209 8674
3209 8928
3209 9002
3209 9009
3209 9119
3212 12605
3212 13004
3212 13101
3212 16265
3212 197540
3212 20562
3212 21013
3212 24724
3212 24940
3212 29208
3212 29545
3212 31510
3212 31543
3212 3209
3212 34288
3212 34594
3212 34772
3212 34779
3212 35339
3212 35369
3212 43061
3212 43848
3212 48339
3212 48362
3212 49808
3212 50507
3212 5578
3212 57463
3212 59890
3212 62239
3212 7713
3212 8445
3216 12605
3216 13004
3216 13101
3216 16265
3216 197540
3216 20562
3216 21013
3216 24724
3216 24940
3216 29208
3216 29545
3216 31510
3216 31543
3216 3209
3216 34288
3216 34594
3216 34772
3216 34779
3216 35339
3216 35369
3216 43061
3216 43848
3216 48339
3216 48362
3216 49808
3216 50507
3216 5578
3216 57463
3216 59890
3216 62239
3216 7713
3216 8445
3223 12605
3223 13004
3223 13101
3223 16265
3223 197540
3223 20562
3223 21013
3223 24724
3223 24940
3223 29208
3223 29545
3223 31510
3223 31543
3223 3209
3223 34288
3223 34594
3223 34772
3223 34779
3223 35339
3223 35369
3223 43061
3223 43848
3223 48339
3223 48362
3223 49808
3223 50507
3223 5578
3223 57463
3223 59890
3223 62239
3223 7713
3223 8445
32590 12605
32590 13004
32590 13101
32590 16265
32590 197540
32590 20562
32590 21013
32590 24724
32590 24940
32590 29208
32590 29545
32590 31510
32590 31543
32590 3209
32590 34288
32590 34594
32590 34772
32590 34779
32590 35339
32590 35369
32590 43061
32590 43848
32590 48339
32590 48362
32590 49808
32590 50507
32590 5578
32590 57463
32590 59890
32590 62239
32590 7713
32590 8445
32787 12605
32787 13004
32787 13101
32787 16265
32787 197540
32787 20562
32787 21013
32787 24724
32787 24940
32787 29208
32787 29545
32787 31510
32787 31543
32787 3209
32787 34288
32787 34594
32787 34772
32787 34779
32787 35339
32787 35369
32787 43061
32787 43848
32787 48339
32787 48362
32787 49808
32787 50507
32787 5578
32787 57463
32787 59890
32787 62239
32787 7713
32787 8445
32934 12605
32934 13004
32934 13101
32934 16265
32934 197540
32934 20562
32934 21013
32934 24724
32934 24940
32934 29208
32934 29545
32934 31510
32934 31543
32934 3209
32934 34288
32934 34594
32934 34772
32934 34779
32934 35339
32934 35369
32934 43061
32934 43848
32934 48339
32934 48362
32934 49808
32934 50507
32934 5578
32934 57463
32934 59890
32934 62239
32934 7713
32934 8445
3303 12605
3303 13004
3303 13101
3303 16265
3303 197540
3303 20562
3303 21013
3303 24724
3303 24940
3303 29208
3303 29545
3303 31510
3303 31543
3303 3209
3303 34288
3303 34594
3303 34772
3303 34779
3303 35339
3303 35369
3303 43061
3303 43848
3303 48339
3303 48362
3303 49808
3303 50507
3303 5578
3303 57463
3303 59890
3303 62239
3303 7713
3303 8445
3320 12605
3320 13004
3320 13101
3320 16265
3320 197540
3320 20562
3320 21013
3320 24724
3320 24940
3320 29208
3320 29545
3320 31510
3320 31543
3320 3209
3320 34288
3320 34594
3320 34772
3320 34779
3320 35339
3320 35369
3320 43061
3320 43848
3320 48339
3320 48362
3320 49808
3320 50507
3320 5578
3320 57463
3320 59890
3320 62239
3320 7713
3320 8445
3330 12605
3330 13004
3330 13101
3330 16265
3330 197540
3330 20562
3330 21013
3330 24724
3330 24940
3330 29208
3330 29545
3330 31510
3330 31543
3330 3209
3330 34288
3330 34594
3330 34772
3330 34779
3330 35339
3330 35369
3330 43061
3330 43848
3330 48339
3330 48362
3330 49808
3330 50507
3330 5578
3330 57463
3330 59890
3330 62239
3330 7713
3330 8445
33891 12605
33891 13004
33891 13101
33891 16265
33891 197540
33891 20562
33891 21013
33891 24724
33891 24940
33891 29208
33891 29545
33891 31510
33891 31543
33891 3209
33891 34288
33891 34594
33891 34772
33891 34779
33891 35339
33891 35369
33891 43061
33891 43848
33891 48339
33891 48362
33891 49808
33891 50507
33891 5578
33891 57463
33891 59890
33891 62239
33891 7713
33891 8445
34288 10310
34288 1120
34288 12401
34288 12453
34288 1257
34288 12577
34288 12605
34288 12654
34288 12895
34288 12971
34288 13004
34288 13030
34288 13046
34288 13064
34288 13101
34288 13237
34288 15702
34288 16099
34288 16265
34288 16276
34288 16314
34288 16509
34288 1764
34288 1853
34288 19551
34288 197540
34288 201214
34288 20562
34288 20704
34288 20751
34288 20940
34288 21013
34288 21320
34288 21360
34288 21385
34288 22822
34288 24724
34288 24864
34288 24940
34288 24953
34288 25011
34288 25152
34288 25255
34288 25447
34288 25467
34288 25575
34288 2635
34288 2686
34288 286
34288 28760
34288 28857
34288 28889
34288 29056
34288 2906
34288 29081
34288 29208
34288 29287
34288 29545
34288 30971
34288 31042
34288 31510
34288 31529
34288 31543
34288 3209
34288 3212
34288 3216
34288 3223
34288 32590
34288 32787
34288 32934
34288 3303
34288 3320
34288 3330
34288 33891
34288 34347
34288 34594
34288 34772
34288 34779
34288 35339
34288 35369
34288 3856
34288 38955
34288 39478
34288 39560
34288 39878
34288 39912
34288 41491
34288 42
34288 43061
34288 43848
34288 43957
34288 44306
34288 44765
34288 44865
34288 46489
34288 47147
34288 47692
34288 48339
34288 48362
34288 48943
34288 49808
34288 50507
34288 50629
34288 50782
34288 51184
34288 51265
34288 5400
34288 5403
34288 5578
34288 5588
34288 57169
34288 57463
34288 59890
34288 60517
34288 62239
34288 62363
34288 62373
34288 6507
34288 6663
34288 6720
34288 6730
34288 6798
34288 6830
34288 6939
34288 702
34288 7713
34288 8075
34288 8218
34288 8220
34288 8245
34288 8339
34288 8387
34288 8400
34288 8412
34288 8445
34288 8447
34288 8596
34288 8674
34288 8928
34288 9002
34288 9009
34288 9119
34347 12605
34347 13004
34347 13101
34347 16265
34347 197540
34347 20562
34347 21013
34347 24724
34347 24940
34347 29208
34347 29545
34347 31510
34347 31543
34347 3209
34347 34288
34347 34594
34347 34772
34347 34779
34347 35339
34347 35369
34347 43061
34347 43848
34347 48339
34347 48362
34347 49808
34347 50507
34347 5578
34347 57463
34347 59890
34347 62239
34347 7713
34347 8445
34594 10310
34594 1120
34594 12401
34594 12453
34594 1257
34594 12577
34594 12605
34594 12654
34594 12895
34594 12971
34594 13004
34594 13030
34594 13046
34594 13064
34594 13101
34594 13237
34594 15702
34594 16099
34594 16265
34594 16276
34594 16314
34594 16509
34594 1764
34594 1853
34594 19551
34594 197540
34594 201214
34594 20562
34594 20704
34594 20751
34594 20940
34594 21013
34594 21320
34594 21360
34594 21385
34594 22822
34594 24724
34594 24864
34594 24940
34594 24953
34594 25011
34594 25152
34594 25255
34594 25447
34594 25467
34594 25575
34594 2635
34594 2686
34594 286
34594 28760
34594 28857
34594 28889
34594 29056
34594 2906
34594 29081
34594 29208
34594 29287
34594 29545
34594 30971
34594 31042
34594 31510
34594 31529
34594 31543
34594 3209
34594 3212
34594 3216
34594 3223
34594 32590
34594 32787
34594 32934
34594 3303
34594 3320
34594 3330
34594 33891
34594 34288
34594 34347
34594 34772
34594 34779
34594 35339
34594 35369
34594 3856
34594 38955
34594 39478
34594 39560
34594 39878
34594 39912
34594 41491
34594 42
34594 43061
34594 43848
34594 43957
34594 44306
34594 44765
34594 44865
34594 46489
34594 47147
34594 47692
34594 48339
34594 48362
34594 48943
34594 49808
34594 50507
34594 50629
34594 50782
34594 51184
34594 51265
34594 5400
34594 5403
34594 5578
34594 5588
34594 57169
34594 57463
34594 59890
34594 60517
34594 62239
34594 62363
34594 62373
34594 6507
34594 6663
34594 6720
34594 6730
34594 6798
34594 6830
34594 6939
34594 702
34594 7713
34594 8075
34594 8218
34594 8220
34594 8245
34594 8339
34594 8387
34594 8400
34594 8412
34594 8445
34594 8447
34594 8596
34594 8674
34594 8928
34594 9002
34594 9009
34594 9119
34772 10310
34772 1120
34772 12401
34772 12453
34772 1257
34772 12577
34772 12605
34772 12654
34772 12895
34772 12971
34772 13004
34772 13030
34772 13046
34772 13064
34772 13101
34772 13237
34772 15702
34772 16099
34772 16265
34772 16276
34772 16314
34772 16509
34772 1764
34772 1853
34772 19551
34772 197540
34772 201214
34772 20562
34772 20704
34772 20751
34772 20940
34772 21013
34772 21320
34772 21360
34772 21385
34772 22822
34772 24724
34772 24864
34772 24940
34772 24953
34772 25011
34772 25152
34772 25255
34772 25447
34772 25467
34772 25575
34772 2635
34772 2686
34772 286
34772 28760
34772 28857
34772 28889
34772 29056
34772 2906
34772 29081
34772 29208
34772 29287
34772 29545
34772 30971
34772 31042
34772 31510
34772 31529
34772 31543
34772 3209
34772 3212
34772 3216
34772 3223
34772 32590
34772 32787
34772 32934
34772 3303
34772 3320
34772 3330
34772 33891
34772 34288
34772 34347
34772 34594
34772 34779
34772 35339
34772 35369
34772 3856
34772 38955
34772 39478
34772 39560
34772 39878
34772 39912
34772 41491
34772 42
34772 43061
34772 43848
34772 43957
34772 44306
34772 44765
34772 44865
34772 46489
34772 47147
34772 47692
34772 48339
34772 48362
34772 48943
34772 49808
34772 50507
34772 50629
34772 50782
34772 51184
34772 51265
34772 5400
34772 5403
34772 5578
34772 5588
34772 57169
34772 57463
34772 59890
34772 60517
34772 62239
34772 62363
34772 62373
34772 6507
34772 6663
34772 6720
34772 6730
34772 6798
34772 6830
34772 6939
34772 702
34772 7713
34772 8075
34772 8218
34772 8220
34772 8245
34772 8339
34772 8387
34772 8400
34772 8412
34772 8445
34772 8447
34772 8596
34772 8674
34772 8928
34772 9002
34772 9009
34772 9119
34779 10310
34779 1120
34779 12401
34779 12453
34779 1257
34779 12577
34779 12605
34779 12654
34779 12895
34779 12971
34779 13004
34779 13030
34779 13046
34779 13064
34779 13101
34779 13237
34779 15702
34779 16099
34779 16265
34779 16276
34779 16314
34779 16509
34779 1764
34779 1853
34779 19551
34779 197540
34779 201214
34779 20562
34779 20704
34779 20751
34779 20940
34779 21013
34779 21320
34779 21360
34779 21385
34779 22822
34779 24724
34779 24864
34779 24940
34779 24953
34779 25011
34779 25152
34779 25255
34779 25447
34779 25467
34779 25575
34779 2635
34779 2686
34779 286
34779 28760
34779 28857
34779 28889
34779 29056
34779 2906
34779 29081
34779 29208
34779 29287
34779 29545
34779 30971
34779 31042
34779 31510
34779 31529
34779 31543
34779 3209
34779 3212
34779 3216
34779 3223
34779 32590
34779 32787
34779 32934
34779 3303
34779 3320
34779 3330
34779 33891
34779 34288
34779 34347
34779 34594
34779 34772
34779 35339
34779 35369
34779 3856
34779 38955
34779 39478
34779 39560
34779 39878
34779 39912
34779 41491
34779 42
34779 43061
34779 43848
34779 43957
34779 44306
34779 44765
34779 44865
34779 46489
34779 47147
34779 47692
34779 48339
34779 48362
34779 48943
34779 49808
34779 50507
34779 50629
34779 50782
34779 51184
34779 51265
34779 5400
34779 5403
34779 5578
34779 5588
34779 57169
34779 57463
34779 59890
34779 60517
34779 62239
34779 62363
34779 62373
34779 6507
34779 6663
34779 6720
34779 6730
34779 6798
34779 6830
34779 6939
34779 702
34779 7713
34779 8075
34779 8218
34779 8220
34779 8245
34779 8339
34779 8387
34779 8400
34779 8412
34779 8445
34779 8447
34779 8596
34779 8674
34779 8928
34779 9002
34779 9009
34779 9119
35339 10310
35339 1120
35339 12401
35339 12453
35339 1257
35339 12577
35339 12605
35339 12654
35339 12895
35339 12971
35339 13004
35339 13030
35339 13046
35339 13064
35339 13101
35339 13237
35339 15702
35339 16099
35339 16265
35339 16276
35339 16314
35339 16509
35339 1764
35339 1853
35339 19551
35339 197540
35339 201214
35339 20562
35339 20704
35339 20751
35339 20940
35339 21013
35339 21320
35339 21360
35339 21385
35339 22822
35339 24724
35339 24864
35339 24940
35339 24953
35339 25011
35339 25152
35339 25255
35339 25447
35339 25467
35339 25575
35339 2635
35339 2686
35339 286
35339 28760
35339 28857
35339 28889
35339 29056
35339 2906
35339 29081
35339 29208
35339 29287
35339 29545
35339 30971
35339 31042
35339 31510
35339 31529
35339 31543
35339 3209
35339 3212
35339 3216
35339 3223
35339 32590
35339 32787
35339 32934
35339 3303
35339 3320
35339 3330
35339 33891
35339 34288
35339 34347
35339 34594
35339 34772
35339 34779
35339 35369
35339 3856
35339 38955
35339 39478
35339 39560
35339 39878
35339 39912
35339 41491
35339 42
35339 43061
35339 43848
35339 43957
35339 44306
35339 44765
35339 44865
35339 46489
35339 47147
35339 47692
35339 48339
35339 48362
35339 48943
35339 49808
35339 50507
35339 50629
35339 50782
35339 51184
35339 51265
35339 5400
35339 5403
35339 5578
35339 5588
35339 57169
35339 57463
35339 59890
35339 60517
35339 62239
35339 62363
35339 62373
35339 6507
35339 6663
35339 6720
35339 6730
35339 6798
35339 6830
35339 6939
35339 702
35339 7713
35339 8075
35339 8218
35339 8220
35339 8245
35339 8339
35339 8387
35339 8400
35339 8412
35339 8445
35339 8447
35339 8596
35339 8674
35339 8928
35339 9002
35339 9009
35339 9119
35369 10310
35369 1120
35369 12401
35369 12453
35369 1257
35369 12577
35369 12605
35369 12654
35369 12895
35369 12971
35369 13004
35369 13030
35369 13046
35369 13064
35369 13101
35369 13237
35369 15702
35369 16099
35369 16265
35369 16276
35369 16314
35369 16509
35369 1764
35369 1853
35369 19551
35369 197540
35369 201214
35369 20562
35369 20704
35369 20751
35369 20940
35369 21013
35369 21320
35369 21360
35369 21385
35369 22822
35369 24724
35369 24864
35369 24940
35369 24953
35369 25011
35369 25152
35369 25255
35369 25447
35369 25467
35369 25575
35369 2635
35369 2686
35369 286
35369 28760
35369 28857
35369 28889
35369 29056
35369 2906
35369 29081
35369 29208
35369 29287
35369 29545
35369 30971
35369 31042
35369 31510
35369 31529
35369 31543
35369 3209
35369 3212
35369 3216
35369 3223
35369 32590
35369 32787
35369 32934
35369 3303
35369 3320
35369 3330
35369 33891
35369 34288
35369 34347
35369 34594
35369 34772
35369 34779
35369 35339
35369 3856
35369 38955
35369 39478
35369 39560
35369 39878
35369 39912
35369 41491
35369 42
35369 43061
35369 43848
35369 43957
35369 44306
35369 44765
35369 44865
35369 46489
35369 47147
35369 47692
35369 48339
35369 48362
35369 48943
35369 49808
35369 50507
35369 50629
35369 50782
35369 51184
35369 51265
35369 5400
35369 5403
35369 5578
35369 5588
35369 57169
35369 57463
35369 59890
35369 60517
35369 62239
35369 62363
35369 62373
35369 6507
35369 6663
35369 6720
35369 6730
35369 6798
35369 6830
35369 6939
35369 702
35369 7713
35369 8075
35369 8218
35369 8220
35369 8245
35369 8339
35369 8387
35369 8400
35369 8412
35369 8445
35369 8447
35369 8596
35369 8674
35369 8928
35369 9002
35369 9009
35369 9119
3856 12605
3856 13004
3856 13101
3856 16265
3856 197540
3856 20562
3856 21013
3856 24724
3856 24940
3856 29208
3856 29545
3856 31510
3856 31543
3856 3209
3856 34288
3856 34594
3856 34772
3856 34779
3856 35339
3856 35369
3856 43061
3856 43848
3856 48339
3856 48362
3856 49808
3856 50507
3856 5578
3856 57463
3856 59890
3856 62239
3856 7713
3856 8445
38955 12605
38955 13004
38955 13101
38955 16265
38955 197540
38955 20562
38955 21013
38955 24724
38955 24940
38955 29208
38955 29545
38955 31510
38955 31543
38955 3209
38955 34288
38955 34594
38955 34772
38955 34779
38955 35339
38955 35369
38955 43061
38955 43848
38955 48339
38955 48362
38955 49808
38955 50507
38955 5578
38955 57463
38955 59890
38955 62239
38955 7713
38955 8445
39478 12605
39478 13004
39478 13101
39478 16265
39478 197540
39478 20562
39478 21013
39478 24724
39478 24940
39478 29208
39478 29545
39478 31510
39478 31543
39478 3209
39478 34288
39478 34594
39478 34772
39478 34779
39478 35339
39478 35369
39478 43061
39478 43848
39478 48339
39478 48362
39478 49808
39478 50507
39478 5578
39478 57463
39478 59890
39478 62239
39478 7713
39478 8445
39560 12605
39560 13004
39560 13101
39560 16265
39560 197540
39560 20562
39560 21013
39560 24724
39560 24940
39560 29208
39560 29545
39560 31510
39560 31543
39560 3209
39560 34288
39560 34594
39560 34772
39560 34779
39560 35339
39560 35369
39560 43061
39560 43848
39560 48339
39560 48362
39560 49808
39560 50507
39560 5578
39560 57463
39560 59890
39560 62239
39560 7713
39560 8445
39878 12605
39878 13004
39878 13101
39878 16265
39878 197540
39878 20562
39878 21013
39878 24724
39878 24940
39878 29208
39878 29545
39878 31510
39878 31543
39878 3209
39878 34288
39878 34594
39878 34772
39878 34779
39878 35339
39878 35369
39878 43061
39878 43848
39878 48339
39878 48362
39878 49808
39878 50507
39878 5578
39878 57463
39878 59890
39878 62239
39878 7713
39878 8445
39912 12605
39912 13004
39912 13101
39912 16265
39912 197540
39912 20562
39912 21013
39912 24724
39912 24940
39912 29208
39912 29545
39912 31510
39912 31543
39912 3209
39912 34288
39912 34594
39912 34772
39912 34779
39912 35339
39912 35369
39912 43061
39912 43848
39912 48339
39912 48362
39912 49808
39912 50507
39912 5578
39912 57463
39912 59890
39912 62239
39912 7713
39912 8445
41491 12605
41491 13004
41491 13101
41491 16265
41491 197540
41491 20562
41491 21013
41491 24724
41491 24940
41491 29208
41491 29545
41491 31510
41491 31543
41491 3209
41491 34288
41491 34594
41491 34772
41491 34779
41491 35339
41491 35369
41491 43061
41491 43848
41491 48339
41491 48362
41491 49808
41491 50507
41491 5578
41491 57463
41491 59890
41491 62239
41491 7713
41491 8445
42 12605
42 13004
42 13101
42 16265
42 197540
42 20562
42 21013
42 24724
42 24940
42 29208
42 29545
42 31510
42 31543
42 3209
42 34288
42 34594
42 34772
42 34779
42 35339
42 35369
42 43061
42 43848
42 48339
42 48362
42 49808
42 50507
42 5578
42 57463
42 59890
42 62239
42 7713
42 8445
43061 10310
43061 1120
43061 12401
43061 12453
43061 1257
43061 12577
43061 12605
43061 12654
43061 12895
43061 12971
43061 13004
43061 13030
43061 13046
43061 13064
43061 13101
43061 13237
43061 15702
43061 16099
43061 16265
43061 16276
43061 16314
43061 16509
43061 1764
43061 1853
43061 19551
43061 197540
43061 201214
43061 20562
43061 20704
43061 20751
43061 20940
43061 21013
43061 21320
43061 21360
43061 21385
43061 22822
43061 24724
43061 24864
43061 24940
43061 24953
43061 25011
43061 25152
43061 25255
43061 25447
43061 25467
43061 25575
43061 2635
43061 2686
43061 286
43061 28760
43061 28857
43061 28889
43061 29056
43061 2906
43061 29081
43061 29208
43061 29287
43061 29545
43061 30971
43061 31042
43061 31510
43061 31529
43061 31543
43061 3209
43061 3212
43061 3216
43061 3223
43061 32590
43061 32787
43061 32934
43061 3303
43061 3320
43061 3330
43061 33891
43061 34288
43061 34347
43061 34594
43061 34772
43061 34779
43061 35339
43061 35369
43061 3856
43061 38955
43061 39478
43061 39560
43061 39878
43061 39912
43061 41491
43061 42
43061 43848
43061 43957
43061 44306
43061 44765
43061 44865
43061 46489
43061 47147
43061 47692
43061 48339
43061 48362
43061 48943
43061 49808
43061 50507
43061 50629
43061 50782
43061 51184
43061 51265
43061 5400
43061 5403
43061 5578
43061 5588
43061 57169
43061 57463
43061 59890
43061 60517
43061 62239
43061 62363
43061 62373
43061 6507
43061 6663
43061 6720
43061 6730
43061 6798
43061 6830
43061 6939
43061 702
43061 7713
43061 8075
43061 8218
43061 8220
43061 8245
43061 8339
43061 8387
43061 8400
43061 8412
43061 8445
43061 8447
43061 8596
43061 8674
43061 8928
43061 9002
43061 9009
43061 9119
43848 10310
43848 1120
43848 12401
43848 12453
43848 1257
43848 12577
43848 12605
43848 12654
43848 12895
43848 12971
43848 13004
43848 13030
43848 13046
43848 13064
43848 13101
43848 13237
43848 15702
43848 16099
43848 16265
43848 16276
43848 16314
43848 16509
43848 1764
43848 1853
43848 19551
43848 197540
43848 201214
43848 20562
43848 20704
43848 20751
43848 20940
43848 21013
43848 21320
43848 21360
43848 21385
43848 22822
43848 24724
43848 24864
43848 24940
43848 24953
43848 25011
43848 25152
43848 25255
43848 25447
43848 25467
43848 25575
43848 2635
43848 2686
43848 286
43848 28760
43848 28857
43848 28889
43848 29056
43848 2906
43848 29081
43848 29208
43848 29287
43848 29545
43848 30971
43848 31042
43848 31510
43848 31529
43848 31543
43848 3209
43848 3212
43848 3216
43848 3223
43848 32590
43848 32787
43848 32934
43848 3303
43848 3320
43848 3330
43848 33891
43848 34288
43848 34347
43848 34594
43848 34772
43848 34779
43848 35339
43848 35369
43848 3856
43848 38955
43848 39478
43848 39560
43848 39878
43848 39912
43848 41491
43848 42
43848 43061
43848 43957
43848 44306
43848 44765
43848 44865
43848 46489
43848 47147
43848 47692
43848 48339
43848 48362
43848 48943
43848 49808
43848 50507
43848 50629
43848 50782
43848 51184
43848 51265
43848 5400
43848 5403
43848 5578
43848 5588
43848 57169
43848 57463
43848 59890
43848 60517
43848 62239
43848 62363
43848 62373
43848 6507
43848 6663
43848 6720
43848 6730
43848 6798
43848 6830
43848 6939
43848 702
43848 7713
43848 8075
43848 8218
43848 8220
43848 8245
43848 8339
43848 8387
43848 8400
43848 8412
43848 8445
43848 8447
43848 8596
43848 8674
43848 8928
43848 9002
43848 9009
43848 9119
43957 12605
43957 13004
43957 13101
43957 16265
43957 197540
43957 20562
43957 21013
43957 24724
43957 24940
43957 29208
43957 29545
43957 31510
43957 31543
43957 3209
43957 34288
43957 34594
43957 34772
43957 34779
43957 35339
43957 35369
43957 43061
43957 43848
43957 48339
43957 48362
43957 49808
43957 50507
43957 5578
43957 57463
43957 59890
43957 62239
43957 7713
43957 8445
44306 12605
44306 13004
44306 13101
44306 16265
44306 197540
44306 20562
44306 21013
44306 24724
44306 24940
44306 29208
44306 29545
44306 31510
44306 31543
44306 3209
44306 34288
44306 34594
44306 34772
44306 34779
44306 35339
44306 35369
44306 43061
44306 43848
44306 48339
44306 48362
44306 49808
44306 50507
44306 5578
44306 57463
44306 59890
44306 62239
44306 7713
44306 8445
44765 12605
44765 13004
44765 13101
44765 16265
44765 197540
44765 20562
44765 21013
44765 24724
44765 24940
44765 29208
44765 29545
44765 31510
44765 31543
44765 3209
44765 34288
44765 34594
44765 34772
44765 34779
44765 35339
44765 35369
44765 43061
44765 43848
44765 48339
44765 48362
44765 49808
44765 50507
44765 5578
44765 57463
44765 59890
44765 62239
44765 7713
44765 8445
44865 12605
44865 13004
44865 13101
44865 16265
44865 197540
44865 20562
44865 21013
44865 24724
44865 24940
44865 29208
44865 29545
44865 31510
44865 31543
44865 3209
44865 34288
44865 34594
44865 34772
44865 34779
44865 35339
44865 35369
44865 43061
44865 43848
44865 48339
44865 48362
44865 49808
44865 50507
44865 5578
44865 57463
44865 59890
44865 62239
44865 7713
44865 8445
46489 12605
46489 13004
46489 13101
46489 16265
46489 197540
46489 20562
46489 21013
46489 24724
46489 24940
46489 29208
46489 29545
46489 31510
46489 31543
46489 3209
46489 34288
46489 34594
46489 34772
46489 34779
46489 35339
46489 35369
46489 43061
46489 43848
46489 48339
46489 48362
46489 49808
46489 50507
46489 5578
46489 57463
46489 59890
46489 62239
46489 7713
46489 8445
47147 12605
47147 13004
47147 13101
47147 16265
47147 197540
47147 20562
47147 21013
47147 24724
47147 24940
47147 29208
47147 29545
47147 31510
47147 31543
47147 3209
47147 34288
47147 34594
47147 34772
47147 34779
47147 35339
47147 35369
47147 43061
47147 43848
47147 48339
47147 48362
47147 49808
47147 50507
47147 5578
47147 57463
47147 59890
47147 62239
47147 7713
47147 8445
47692 12605
47692 13004
47692 13101
47692 16265
47692 197540
47692 20562
47692 21013
47692 24724
47692 24940
47692 29208
47692 29545
47692 31510
47692 31543
47692 3209
47692 34288
47692 34594
47692 34772
47692 34779
47692 35339
47692 35369
47692 43061
47692 43848
47692 48339
47692 48362
47692 49808
47692 50507
47692 5578
47692 57463
47692 59890
47692 62239
47692 7713
47692 8445
48339 10310
48339 1120
48339 12401
48339 12453
48339 1257
48339 12577
48339 12605
48339 12654
48339 12895
48339 12971
48339 13004
48339 13030
48339 13046
48339 13064
48339 13101
48339 13237
48339 15702
48339 16099
48339 16265
48339 16276
48339 16314
48339 16509
48339 1764
48339 1853
48339 19551
48339 197540
48339 201214
48339 20562
48339 20704
48339 20751
48339 20940
48339 21013
48339 21320
48339 21360
48339 21385
48339 22822
48339 24724
48339 24864
48339 24940
48339 24953
48339 25011
48339 25152
48339 25255
48339 25447
48339 25467
48339 25575
48339 2635
48339 2686
48339 286
48339 28760
48339 28857
48339 28889
48339 29056
48339 2906
48339 29081
48339 29208
48339 29287
48339 29545
48339 30971
48339 31042
48339 31510
48339 31529
48339 31543
48339 3209
48339 3212
48339 3216
48339 3223
48339 32590
48339 32787
48339 32934
48339 3303
48339 3320
48339 3330
48339 33891
48339 34288
48339 34347
48339 34594
48339 34772
48339 34779
48339 35339
48339 35369
48339 3856
48339 38955
48339 39478
48339 39560
48339 39878
48339 39912
48339 41491
48339 42
48339 43061
48339 43848
48339 43957
48339 44306
48339 44765
48339 44865
48339 46489
48339 47147
48339 47692
48339 48362
48339 48943
48339 49808
48339 50507
48339 50629
48339 50782
48339 51184
48339 51265
48339 5400
48339 5403
48339 5578
48339 5588
48339 57169
48339 57463
48339 59890
48339 60517
48339 62239
48339 62363
48339 62373
48339 6507
48339 6663
48339 6720
48339 6730
48339 6798
48339 6830
48339 6939
48339 702
48339 7713
48339 8075
48339 8218
48339 8220
48339 8245
48339 8339
48339 8387
48339 8400
48339 8412
48339 8445
48339 8447
48339 8596
48339 8674
48339 8928
48339 9002
48339 9009
48339 9119
48362 10310
48362 1120
48362 12401
48362 12453
48362 1257
48362 12577
48362 12605
48362 12654
48362 12895
48362 12971
48362 13004
48362 13030
48362 13046
48362 13064
48362 13101
48362 13237
48362 15702
48362 16099
48362 16265
48362 16276
48362 16314
48362 16509
48362 1764
48362 1853
48362 19551
48362 197540
48362 201214
48362 20562
48362 20704
48362 20751
48362 20940
48362 21013
48362 21320
48362 21360
48362 21385
48362 22822
48362 24724
48362 24864
48362 24940
48362 24953
48362 25011
48362 25152
48362 25255
48362 25447
48362 25467
48362 25575
48362 2635
48362 2686
48362 286
48362 28760
48362 28857
48362 28889
48362 29056
48362 2906
48362 29081
48362 29208
48362 29287
48362 29545
48362 30971
48362 31042
48362 31510
48362 31529
48362 31543
48362 3209
48362 3212
48362 3216
48362 3223
48362 32590
48362 32787
48362 32934
48362 3303
48362 3320
48362 3330
48362 33891
48362 34288
48362 34347
48362 34594
48362 34772
48362 34779
48362 35339
48362 35369
48362 3856
48362 38955
48362 39478
48362 39560
48362 39878
48362 39912
48362 41491
48362 42
48362 43061
48362 43848
48362 43957
48362 44306
48362 44765
48362 44865
48362 46489
48362 47147
48362 47692
48362 48339
48362 48943
48362 49808
48362 50507
48362 50629
48362 50782
48362 51184
48362 51265
48362 5400
48362 5403
48362 5578
48362 5588
48362 57169
48362 57463
48362 59890
48362 60517
48362 62239
48362 62363
48362 62373
48362 6507
48362 6663
48362 6720
48362 6730
48362 6798
48362 6830
48362 6939
48362 702
48362 7713
48362 8075
48362 8218
48362 8220
48362 8245
48362 8339
48362 8387
48362 8400
48362 8412
48362 8445
48362 8447
48362 8596
48362 8674
48362 8928
48362 9002
48362 9009
48362 9119
48943 12605
48943 13004
48943 13101
48943 16265
48943 197540
48943 20562
48943 21013
48943 24724
48943 24940
48943 29208
48943 29545
48943 31510
48943 31543
48943 3209
48943 34288
48943 34594
48943 34772
48943 34779
48943 35339
48943 35369
48943 43061
48943 43848
48943 48339
48943 48362
48943 49808
48943 50507
48943 5578
48943 57463
48943 59890
48943 62239
48943 7713
48943 8445
49808 10310
49808 1120
49808 12401
49808 12453
49808 1257
49808 12577
49808 12605
49808 12654
49808 12895
49808 12971
49808 13004
49808 13030
49808 13046
49808 13064
49808 13101
49808 13237
49808 15702
49808 16099
49808 16265
49808 16276
49808 16314
49808 16509
49808 1764
49808 1853
49808 19551
49808 197540
49808 201214
49808 20562
49808 20704
49808 20751
49808 20940
49808 21013
49808 21320
49808 21360
49808 21385
49808 22822
49808 24724
49808 24864
49808 24940
49808 24953
49808 25011
49808 25152
49808 25255
49808 25447
49808 25467
49808 25575
49808 2635
49808 2686
49808 286
49808 28760
49808 28857
49808 28889
49808 29056
49808 2906
49808 29081
49808 29208
49808 29287
49808 29545
49808 30971
49808 31042
49808 31510
49808 31529
49808 31543
49808 3209
49808 3212
49808 3216
49808 3223
49808 32590
49808 32787
49808 32934
49808 3303
49808 3320
49808 3330
49808 33891
49808 34288
49808 34347
49808 34594
49808 34772
49808 34779
49808 35339
49808 35369
49808 3856
49808 38955
49808 39478
49808 39560
49808 39878
49808 39912
49808 41491
49808 42
49808 43061
49808 43848
49808 43957
49808 44306
49808 44765
49808 44865
49808 46489
49808 47147
49808 47692
49808 48339
49808 48362
49808 48943
49808 50507
49808 50629
49808 50782
49808 51184
49808 51265
49808 5400
49808 5403
49808 5578
49808 5588
49808 57169
49808 57463
49808 59890
49808 60517
49808 62239
49808 62363
49808 62373
49808 6507
49808 6663
49808 6720
49808 6730
49808 6798
49808 6830
49808 6939
49808 702
49808 7713
49808 8075
49808 8218
49808 8220
49808 8245
49808 8339
49808 8387
49808 8400
49808 8412
49808 8445
49808 8447
49808 8596
49808 8674
49808 8928
49808 9002
49808 9009
49808 9119
50507 10310
50507 1120
50507 12401
50507 12453
50507 1257
50507 12577
50507 12605
50507 12654
50507 12895
50507 12971
50507 13004
50507 13030
50507 13046
50507 13064
50507 13101
50507 13237
50507 15702
50507 16099
50507 16265
50507 16276
50507 16314
50507 16509
50507 1764
50507 1853
50507 19551
50507 197540
50507 201214
50507 20562
50507 20704
50507 20751
50507 20940
50507 21013
50507 21320
50507 21360
50507 21385
50507 22822
50507 24724
50507 24864
50507 24940
50507 24953
50507 25011
50507 25152
50507 25255
50507 25447
50507 25467
50507 25575
50507 2635
50507 2686
50507 286
50507 28760
50507 28857
50507 28889
50507 29056
50507 2906
50507 29081
50507 29208
50507 29287
50507 29545
50507 30971
50507 31042
50507 31510
50507 31529
50507 31543
50507 3209
50507 3212
50507 3216
50507 3223
50507 32590
50507 32787
50507 32934
50507 3303
50507 3320
50507 3330
50507 33891
50507 34288
50507 34347
50507 34594
50507 34772
50507 34779
50507 35339
50507 35369
50507 3856
50507 38955
50507 39478
50507 39560
50507 39878
50507 39912
50507 41491
50507 42
50507 43061
50507 43848
50507 43957
50507 44306
50507 44765
50507 44865
50507 46489
50507 47147
50507 47692
50507 48339
50507 48362
50507 48943
50507 49808
50507 50629
50507 50782
50507 51184
50507 51265
50507 5400
50507 5403
50507 5578
50507 5588
50507 57169
50507 57463
50507 59890
50507 60517
50507 62239
50507 62363
50507 62373
50507 6507
50507 6663
50507 6720
50507 6730
50507 6798
50507 6830
50507 6939
50507 702
50507 7713
50507 8075
50507 8218
50507 8220
50507 8245
50507 8339
50507 8387
50507 8400
50507 8412
50507 8445
50507 8447
50507 8596
50507 8674
50507 8928
50507 9002
50507 9009
50507 9119
50629 12605
50629 13004
50629 13101
50629 16265
50629 197540
50629 20562
50629 21013
50629 24724
50629 24940
50629 29208
50629 29545
50629 31510
50629 31543
50629 3209
50629 34288
50629 34594
50629 34772
50629 34779
50629 35339
50629 35369
50629 43061
50629 43848
50629 48339
50629 48362
50629 49808
50629 50507
50629 5578
50629 57463
50629 59890
50629 62239
50629 7713
50629 8445
50782 12605
50782 13004
50782 13101
50782 16265
50782 197540
50782 20562
50782 21013
50782 24724
50782 24940
50782 29208
50782 29545
50782 31510
50782 31543
50782 3209
50782 34288
50782 34594
50782 34772
50782 34779
50782 35339
50782 35369
50782 43061
50782 43848
50782 48339
50782 48362
50782 49808
50782 50507
50782 5578
50782 57463
50782 59890
50782 62239
50782 7713
50782 8445
51184 12605
51184 13004
51184 13101
51184 16265
51184 197540
51184 20562
51184 21013
51184 24724
51184 24940
51184 29208
51184 29545
51184 31510
51184 31543
51184 3209
51184 34288
51184 34594
51184 34772
51184 34779
51184 35339
51184 35369
51184 43061
51184 43848
51184 48339
51184 48362
51184 49808
51184 50507
51184 5578
51184 57463
51184 59890
51184 62239
51184 7713
51184 8445
51265 12605
51265 13004
51265 13101
51265 16265
51265 197540
51265 20562
51265 21013
51265 24724
51265 24940
51265 29208
51265 29545
51265 31510
51265 31543
51265 3209
51265 34288
51265 34594
51265 34772
51265 34779
51265 35339
51265 35369
51265 43061
51265 43848
51265 48339
51265 48362
51265 49808
51265 50507
51265 5578
51265 57463
51265 59890
51265 62239
51265 7713
51265 8445
5400 12605
5400 13004
5400 13101
5400 16265
5400 197540
5400 20562
5400 21013
5400 24724
5400 24940
5400 29208
5400 29545
5400 31510
5400 31543
5400 3209
5400 34288
5400 34594
5400 34772
5400 34779
5400 35339
5400 35369
5400 43061
5400 43848
5400 48339
5400 48362
5400 49808
5400 50507
5400 5578
5400 57463
5400 59890
5400 62239
5400 7713
5400 8445
5403 12605
5403 13004
5403 13101
5403 16265
5403 197540
5403 20562
5403 21013
5403 24724
5403 24940
5403 29208
5403 29545
5403 31510
5403 31543
5403 3209
5403 34288
5403 34594
5403 34772
5403 34779
5403 35339
5403 35369
5403 43061
5403 43848
5403 48339
5403 48362
5403 49808
5403 50507
5403 5578
5403 57463
5403 59890
5403 62239
5403 7713
5403 8445
5578 10310
5578 1120
5578 12401
5578 12453
5578 1257
5578 12577
5578 12605
5578 12654
5578 12895
5578 12971
5578 13004
5578 13030
5578 13046
5578 13064
5578 13101
5578 13237
5578 15702
5578 16099
5578 16265
5578 16276
5578 16314
5578 16509
5578 1764
5578 1853
5578 19551
5578 197540
5578 201214
5578 20562
5578 20704
5578 20751
5578 20940
5578 21013
5578 21320
5578 21360
5578 21385
5578 22822
5578 24864
5578 24940
5578 24953
5578 25011
5578 25152
5578 25255
5578 25447
5578 25467
5578 25575
5578 2635
5578 2686
5578 286
5578 28760
5578 28857
5578 28889
5578 29056
5578 2906
5578 29081
5578 29208
5578 29287
5578 29545
5578 30971
5578 31042
5578 31510
5578 31529
5578 31543
5578 3209
5578 3212
5578 3216
5578 3223
5578 32590
5578 32787
5578 32934
5578 3303
5578 3320
5578 3330
5578 33891
5578 34288
5578 34347
5578 34594
5578 34772
5578 34779
5578 35339
5578 35369
5578 3856
5578 38955
5578 39478
5578 39560
5578 39878
5578 39912
5578 41491
5578 42
5578 43061
5578 43848
5578 43957
5578 44306
5578 44765
5578 44865
5578 46489
5578 47147
5578 47692
5578 48339
5578 48362
5578 48943
5578 49808
5578 50507
5578 50629
5578 50782
5578 51184
5578 51265
5578 5400
5578 5403
5578 5588
5578 57169
5578 57463
5578 59890
5578 60517
5578 62363
5578 62373
5578 6507
5578 6663
5578 6720
5578 6730
5578 6798
5578 6830
5578 6939
5578 702
5578 7713
5578 8075
5578 8218
5578 8220
5578 8245
5578 8339
5578 8387
5578 8400
5578 8412
5578 8445
5578 8447
5578 8596
5578 8674
5578 8928
5578 9002
5578 9009
5578 9119
5588 12605
5588 13004
5588 13101
5588 16265
5588 197540
5588 20562
5588 21013
5588 24724
5588 24940
5588 29208
5588 29545
5588 31510
5588 31543
5588 3209
5588 34288
5588 34594
5588 34772
5588 34779
5588 35339
5588 35369
5588 43061
5588 43848
5588 48339
5588 48362
5588 49808
5588 50507
5588 5578
5588 57463
5588 59890
5588 62239
5588 7713
5588 8445
57169 12605
57169 13004
57169 13101
57169 16265
57169 197540
57169 20562
57169 21013
57169 24724
57169 24940
57169 29208
57169 29545
57169 31510
57169 31543
57169 3209
57169 34288
57169 34594
57169 34772
57169 34779
57169 35339
57169 35369
57169 43061
57169 43848
57169 48339
57169 48362
57169 49808
57169 50507
57169 5578
57169 57463
57169 59890
57169 62239
57169 7713
57169 8445
57463 10310
57463 1120
57463 12401
57463 12453
57463 1257
57463 12577
57463 12605
57463 12654
57463 12895
57463 12971
57463 13004
57463 13030
57463 13046
57463 13064
57463 13101
57463 13237
57463 15702
57463 16099
57463 16265
57463 16276
57463 16314
57463 16509
57463 1764
57463 1853
57463 19551
57463 197540
57463 201214
57463 20562
57463 20704
57463 20751
57463 20940
57463 21013
57463 21320
57463 21360
57463 21385
57463 22822
57463 24724
57463 24864
57463 24940
57463 24953
57463 25011
57463 25152
57463 25255
57463 25447
57463 25467
57463 25575
57463 2635
57463 2686
57463 286
57463 28760
57463 28857
57463 28889
57463 29056
57463 2906
57463 29081
57463 29208
57463 29287
57463 29545
57463 30971
57463 31042
57463 31510
57463 31529
57463 31543
57463 3209
57463 3212
57463 3216
57463 3223
57463 32590
57463 32787
57463 32934
57463 3303
57463 3320
57463 3330
57463 33891
57463 34288
57463 34347
57463 34594
57463 34772
57463 34779
57463 35339
57463 35369
57463 3856
57463 38955
57463 39478
57463 39560
57463 39878
57463 39912
57463 41491
57463 42
57463 43061
57463 43848
57463 43957
57463 44306
57463 44765
57463 44865
57463 46489
57463 47147
57463 47692
57463 48339
57463 48362
57463 48943
57463 49808
57463 50507
57463 50629
57463 50782
57463 51184
57463 51265
57463 5400
57463 5403
57463 5578
57463 5588
57463 57169
57463 59890
57463 60517
57463 62239
57463 62363
57463 62373
57463 6507
57463 6663
57463 6720
57463 6730
57463 6798
57463 6830
57463 6939
57463 702
57463 7713
57463 8075
57463 8218
57463 8220
57463 8245
57463 8339
57463 8387
57463 8400
57463 8412
57463 8445
57463 8447
57463 8596
57463 8674
57463 8928
57463 9002
57463 9009
57463 9119
59890 10310
59890 1120
59890 12401
59890 12453
59890 1257
59890 12577
59890 12605
59890 12654
59890 12895
59890 12971
59890 13004
59890 13030
59890 13046
59890 13064
59890 13101
59890 13237
59890 15702
59890 16099
59890 16265
59890 16276
59890 16314
59890 16509
59890 1764
59890 1853
59890 19551
59890 197540
59890 201214
59890 20562
59890 20704
59890 20751
59890 20940
59890 21013
59890 21320
59890 21360
59890 21385
59890 22822
59890 24724
59890 24864
59890 24940
59890 24953
59890 25011
59890 25152
59890 25255
59890 25447
59890 25467
59890 25575
59890 2635
59890 2686
59890 286
59890 28760
59890 28857
59890 28889
59890 29056
59890 2906
59890 29081
59890 29208
59890 29287
59890 29545
59890 30971
59890 31042
59890 31510
59890 31529
59890 31543
59890 3209
59890 3212
59890 3216
59890 3223
59890 32590
59890 32787
59890 32934
59890 3303
59890 3320
59890 3330
59890 33891
59890 34288
59890 34347
59890 34594
59890 34772
59890 34779
59890 35339
59890 35369
59890 3856
59890 38955
59890 39478
59890 39560
59890 39878
59890 39912
59890 41491
59890 42
59890 43061
59890 43848
59890 43957
59890 44306
59890 44765
59890 44865
59890 46489
59890 47147
59890 47692
59890 48339
59890 48362
59890 48943
59890 49808
59890 50507
59890 50629
59890 50782
59890 51184
59890 51265
59890 5400
59890 5403
59890 5578
59890 5588
59890 57169
59890 57463
59890 60517
59890 62239
59890 62363
59890 62373
59890 6507
59890 6663
59890 6720
59890 6730
59890 6798
59890 6830
59890 6939
59890 702
59890 7713
59890 8075
59890 8218
59890 8220
59890 8245
59890 8339
59890 8387
59890 8400
59890 8412
59890 8445
59890 8447
59890 8596
59890 8674
59890 8928
59890 9002
59890 9009
59890 9119
60517 12605
60517 13004
60517 13101
60517 16265
60517 197540
60517 20562
60517 21013
60517 24724
60517 24940
60517 29208
60517 29545
60517 31510
60517 31543
60517 3209
60517 34288
60517 34594
60517 34772
60517 34779
60517 35339
60517 35369
60517 43061
60517 43848
60517 48339
60517 48362
60517 49808
60517 50507
60517 5578
60517 57463
60517 59890
60517 62239
60517 7713
60517 8445
62239 10310
62239 1120
62239 12401
62239 12453
62239 1257
62239 12577
62239 12605
62239 12654
62239 12895
62239 12971
62239 13004
62239 13030
62239 13046
62239 13064
62239 13101
62239 13237
62239 15702
62239 16099
62239 16265
62239 16276
62239 16314
62239 16509
62239 1764
62239 1853
62239 19551
62239 197540
62239 201214
62239 20562
62239 20704
62239 20751
62239 20940
62239 21013
62239 21320
62239 21360
62239 21385
62239 22822
62239 24864
62239 24940
62239 24953
62239 25011
62239 25152
62239 25255
62239 25447
62239 25467
62239 25575
62239 2635
62239 2686
62239 286
62239 28760
62239 28857
62239 28889
62239 29056
62239 2906
62239 29081
62239 29208
62239 29287
62239 29545
62239 30971
62239 31042
62239 31510
62239 31529
62239 31543
62239 3209
62239 3212
62239 3216
62239 3223
62239 32590
62239 32787
62239 32934
62239 3303
62239 3320
62239 3330
62239 33891
62239 34288
62239 34347
62239 34594
62239 34772
62239 34779
62239 35339
62239 35369
62239 3856
62239 38955
62239 39478
62239 39560
62239 39878
62239 39912
62239 41491
62239 42
62239 43061
62239 43848
62239 43957
62239 44306
62239 44765
62239 44865
62239 46489
62239 47147
62239 47692
62239 48339
62239 48362
62239 48943
62239 49808
62239 50507
62239 50629
62239 50782
62239 51184
62239 51265
62239 5400
62239 5403
62239 5588
62239 57169
62239 57463
62239 59890
62239 60517
62239 62363
62239 62373
62239 6507
62239 6663
62239 6720
62239 6730
62239 6798
62239 6830
62239 6939
62239 702
62239 7713
62239 8075
62239 8218
62239 8220
62239 8245
62239 8339
62239 8387
62239 8400
62239 8412
62239 8445
62239 8447
62239 8596
62239 8674
62239 8928
62239 9002
62239 9009
62239 9119
62363 12605
62363 13004
62363 13101
62363 16265
62363 197540
62363 20562
62363 21013
62363 24724
62363 24940
62363 29208
62363 29545
62363 31510
62363 31543
62363 3209
62363 34288
62363 34594
62363 34772
62363 34779
62363 35339
62363 35369
62363 43061
62363 43848
62363 48339
62363 48362
62363 49808
62363 50507
62363 5578
62363 57463
62363 59890
62363 62239
62363 7713
62363 8445
62373 12605
62373 13004
62373 13101
62373 16265
62373 197540
62373 20562
62373 21013
62373 24724
62373 24940
62373 29208
62373 29545
62373 31510
62373 31543
62373 3209
62373 34288
62373 34594
62373 34772
62373 34779
62373 35339
62373 35369
62373 43061
62373 43848
62373 48339
62373 48362
62373 49808
62373 50507
62373 5578
62373 57463
62373 59890
62373 62239
62373 7713
62373 8445
6507 12605
6507 13004
6507 13101
6507 16265
6507 197540
6507 20562
6507 21013
6507 24724
6507 24940
6507 29208
6507 29545
6507 31510
6507 31543
6507 3209
6507 34288
6507 34594
6507 34772
6507 34779
6507 35339
6507 35369
6507 43061
6507 43848
6507 48339
6507 48362
6507 49808
6507 50507
6507 5578
6507 57463
6507 59890
6507 62239
6507 7713
6507 8445
6663 12605
6663 13004
6663 13101
6663 16265
6663 197540
6663 20562
6663 21013
6663 24724
6663 24940
6663 29208
6663 29545
6663 31510
6663 31543
6663 3209
6663 34288
6663 34594
6663 34772
6663 34779
6663 35339
6663 35369
6663 43061
6663 43848
6663 48339
6663 48362
6663 49808
6663 50507
6663 5578
6663 57463
6663 59890
6663 62239
6663 7713
6663 8445
6720 12605
6720 13004
6720 13101
6720 16265
6720 197540
6720 20562
6720 21013
6720 24724
6720 24940
6720 29208
6720 29545
6720 31510
6720 31543
6720 3209
6720 34288
6720 34594
6720 34772
6720 34779
6720 35339
6720 35369
6720 43061
6720 43848
6720 48339
6720 48362
6720 49808
6720 50507
6720 5578
6720 57463
6720 59890
6720 62239
6720 7713
6720 8445
6730 12605
6730 13004
6730 13101
6730 16265
6730 197540
6730 20562
6730 21013
6730 24724
6730 24940
6730 29208
6730 29545
6730 31510
6730 31543
6730 3209
6730 34288
6730 34594
6730 34772
6730 34779
6730 35339
6730 35369
6730 43061
6730 43848
6730 48339
6730 48362
6730 49808
6730 50507
6730 5578
6730 57463
6730 59890
6730 62239
6730 7713
6730 8445
6798 12605
6798 13004
6798 13101
6798 16265
6798 197540
6798 20562
6798 21013
6798 24724
6798 24940
6798 29208
6798 29545
6798 31510
6798 31543
6798 3209
6798 34288
6798 34594
6798 34772
6798 34779
6798 35339
6798 35369
6798 43061
6798 43848
6798 48339
6798 48362
6798 49808
6798 50507
6798 5578
6798 57463
6798 59890
6798 62239
6798 7713
6798 8445
6830 12605
6830 13004
6830 13101
6830 16265
6830 197540
6830 20562
6830 21013
6830 24724
6830 24940
6830 29208
6830 29545
6830 31510
6830 31543
6830 3209
6830 34288
6830 34594
6830 34772
6830 34779
6830 35339
6830 35369
6830 43061
6830 43848
6830 48339
6830 48362
6830 49808
6830 50507
6830 5578
6830 57463
6830 59890
6830 62239
6830 7713
6830 8445
6939 12605
6939 13004
6939 13101
6939 16265
6939 197540
6939 20562
6939 21013
6939 24724
6939 24940
6939 29208
6939 29545
6939 31510
6939 31543
6939 3209
6939 34288
6939 34594
6939 34772
6939 34779
6939 35339
6939 35369
6939 43061
6939 43848
6939 48339
6939 48362
6939 49808
6939 50507
6939 5578
6939 57463
6939 59890
6939 62239
6939 7713
6939 8445
702 12605
702 13004
702 13101
702 16265
702 197540
702 20562
702 21013
702 24724
702 24940
702 29208
702 29545
702 31510
702 31543
702 3209
702 34288
702 34594
702 34772
702 34779
702 35339
702 35369
702 43061
702 43848
702 48339
702 48362
702 49808
702 50507
702 5578
702 57463
702 59890
702 62239
702 7713
702 8445
7713 10310
7713 1120
7713 12401
7713 12453
7713 1257
7713 12577
7713 12605
7713 12654
7713 12895
7713 12971
7713 13004
7713 13030
7713 13046
7713 13064
7713 13101
7713 13237
7713 15702
7713 16099
7713 16265
7713 16276
7713 16314
7713 16509
7713 1764
7713 1853
7713 19551
7713 197540
7713 201214
7713 20562
7713 20704
7713 20751
7713 20940
7713 21013
7713 21320
7713 21360
7713 21385
7713 22822
7713 24724
7713 24864
7713 24940
7713 24953
7713 25011
7713 25152
7713 25255
7713 25447
7713 25467
7713 25575
7713 2635
7713 2686
7713 286
7713 28760
7713 28857
7713 28889
7713 29056
7713 2906
7713 29081
7713 29208
7713 29287
7713 29545
7713 30971
7713 31042
7713 31510
7713 31529
7713 31543
7713 3209
7713 3212
7713 3216
7713 3223
7713 32590
7713 32787
7713 32934
7713 3303
7713 3320
7713 3330
7713 33891
7713 34288
7713 34347
7713 34594
7713 34772
7713 34779
7713 35339
7713 35369
7713 3856
7713 38955
7713 39478
7713 39560
7713 39878
7713 39912
7713 41491
7713 42
7713 43061
7713 43848
7713 43957
7713 44306
7713 44765
7713 44865
7713 46489
7713 47147
7713 47692
7713 48339
7713 48362
7713 48943
7713 49808
7713 50507
7713 50629
7713 50782
7713 51184
7713 51265
7713 5400
7713 5403
7713 5578
7713 5588
7713 57169
7713 57463
7713 59890
7713 60517
7713 62239
7713 62363
7713 62373
7713 6507
7713 6663
7713 6720
7713 6730
7713 6798
7713 6830
7713 6939
7713 702
7713 8075
7713 8218
7713 8220
7713 8245
7713 8339
7713 8387
7713 8400
7713 8412
7713 8445
7713 8447
7713 8596
7713 8674
7713 8928
7713 9002
7713 9009
7713 9119
8075 12605
8075 13004
8075 13101
8075 16265
8075 197540
8075 20562
8075 21013
8075 24724
8075 24940
8075 29208
8075 29545
8075 31510
8075 31543
8075 3209
8075 34288
8075 34594
8075 34772
8075 34779
8075 35339
8075 35369
8075 43061
8075 43848
8075 48339
8075 48362
8075 49808
8075 50507
8075 5578
8075 57463
8075 59890
8075 62239
8075 7713
8075 8445
8218 12605
8218 13004
8218 13101
8218 16265
8218 197540
8218 20562
8218 21013
8218 24724
8218 24940
8218 29208
8218 29545
8218 31510
8218 31543
8218 3209
8218 34288
8218 34594
8218 34772
8218 34779
8218 35339
8218 35369
8218 43061
8218 43848
8218 48339
8218 48362
8218 49808
8218 50507
8218 5578
8218 57463
8218 59890
8218 62239
8218 7713
8218 8445
8220 12605
8220 13004
8220 13101
8220 16265
8220 197540
8220 20562
8220 21013
8220 24724
8220 24940
8220 29208
8220 29545
8220 31510
8220 31543
8220 3209
8220 34288
8220 34594
8220 34772
8220 34779
8220 35339
8220 35369
8220 43061
8220 43848
8220 48339
8220 48362
8220 49808
8220 50507
8220 5578
8220 57463
8220 59890
8220 62239
8220 7713
8220 8445
8245 12605
8245 13004
8245 13101
8245 16265
8245 197540
8245 20562
8245 21013
8245 24724
8245 24940
8245 29208
8245 29545
8245 31510
8245 31543
8245 3209
8245 34288
8245 34594
8245 34772
8245 34779
8245 35339
8245 35369
8245 43061
8245 43848
8245 48339
8245 48362
8245 49808
8245 50507
8245 5578
8245 57463
8245 59890
8245 62239
8245 7713
8245 8445
8339 12605
8339 13004
8339 13101
8339 16265
8339 197540
8339 20562
8339 21013
8339 24724
8339 24940
8339 29208
8339 29545
8339 31510
8339 31543
8339 3209
8339 34288
8339 34594
8339 34772
8339 34779
8339 35339
8339 35369
8339 43061
8339 43848
8339 48339
8339 48362
8339 49808
8339 50507
8339 5578
8339 57463
8339 59890
8339 62239
8339 7713
8339 8445
8387 12605
8387 13004
8387 13101
8387 16265
8387 197540
8387 20562
8387 21013
8387 24724
8387 24940
8387 29208
8387 29545
8387 31510
8387 31543
8387 3209
8387 34288
8387 34594
8387 34772
8387 34779
8387 35339
8387 35369
8387 43061
8387 43848
8387 48339
8387 48362
8387 49808
8387 50507
8387 5578
8387 57463
8387 59890
8387 62239
8387 7713
8387 8445
8400 12605
8400 13004
8400 13101
8400 16265
8400 197540
8400 20562
8400 21013
8400 24724
8400 24940
8400 29208
8400 29545
8400 31510
8400 31543
8400 3209
8400 34288
8400 34594
8400 34772
8400 34779
8400 35339
8400 35369
8400 43061
8400 43848
8400 48339
8400 48362
8400 49808
8400 50507
8400 5578
8400 57463
8400 59890
8400 62239
8400 7713
8400 8445
8412 12605
8412 13004
8412 13101
8412 16265
8412 197540
8412 20562
8412 21013
8412 24724
8412 24940
8412 29208
8412 29545
8412 31510
8412 31543
8412 3209
8412 34288
8412 34594
8412 34772
8412 34779
8412 35339
8412 35369
8412 43061
8412 43848
8412 48339
8412 48362
8412 49808
8412 50507
8412 5578
8412 57463
8412 59890
8412 62239
8412 7713
8412 8445
8445 10310
8445 1120
8445 12401
8445 12453
8445 1257
8445 12577
8445 12605
8445 12654
8445 12895
8445 12971
8445 13004
8445 13030
8445 13046
8445 13064
8445 13101
8445 13237
8445 15702
8445 16099
8445 16265
8445 16276
8445 16314
8445 16509
8445 1764
8445 1853
8445 19551
8445 197540
8445 201214
8445 20562
8445 20704
8445 20751
8445 20940
8445 21013
8445 21320
8445 21360
8445 21385
8445 22822
8445 24724
8445 24864
8445 24940
8445 24953
8445 25011
8445 25152
8445 25255
8445 25447
8445 25467
8445 25575
8445 2635
8445 2686
8445 286
8445 28760
8445 28857
8445 28889
8445 29056
8445 2906
8445 29081
8445 29208
8445 29287
8445 29545
8445 30971
8445 31042
8445 31510
8445 31529
8445 31543
8445 3209
8445 3212
8445 3216
8445 3223
8445 32590
8445 32787
8445 32934
8445 3303
8445 3320
8445 3330
8445 33891
8445 34288
8445 34347
8445 34594
8445 34772
8445 34779
8445 35339
8445 35369
8445 3856
8445 38955
8445 39478
8445 39560
8445 39878
8445 39912
8445 41491
8445 42
8445 43061
8445 43848
8445 43957
8445 44306
8445 44765
8445 44865
8445 46489
8445 47147
8445 47692
8445 48339
8445 48362
8445 48943
8445 49808
8445 50507
8445 50629
8445 50782
8445 51184
8445 51265
8445 5400
8445 5403
8445 5578
8445 5588
8445 57169
8445 57463
8445 59890
8445 60517
8445 62239
8445 62363
8445 62373
8445 6507
8445 6663
8445 6720
8445 6730
8445 6798
8445 6830
8445 6939
8445 702
8445 7713
8445 8075
8445 8218
8445 8220
8445 8245
8445 8339
8445 8387
8445 8400
8445 8412
8445 8447
8445 8596
8445 8674
8445 8928
8445 9002
8445 9009
8445 9119
8447 12605
8447 13004
8447 13101
8447 16265
8447 197540
8447 20562
8447 21013
8447 24724
8447 24940
8447 29208
8447 29545
8447 31510
8447 31543
8447 3209
8447 34288
8447 34594
8447 34772
8447 34779
8447 35339
8447 35369
8447 43061
8447 43848
8447 48339
8447 48362
8447 49808
8447 50507
8447 5578
8447 57463
8447 59890
8447 62239
8447 7713
8447 8445
8596 12605
8596 13004
8596 13101
8596 16265
8596 197540
8596 20562
8596 21013
8596 24724
8596 24940
8596 29208
8596 29545
8596 31510
8596 31543
8596 3209
8596 34288
8596 34594
8596 34772
8596 34779
8596 35339
8596 35369
8596 43061
8596 43848
8596 48339
8596 48362
8596 49808
8596 50507
8596 5578
8596 57463
8596 59890
8596 62239
8596 7713
8596 8445
8674 12605
8674 13004
8674 13101
8674 16265
8674 197540
8674 20562
8674 21013
8674 24724
8674 24940
8674 29208
8674 29545
8674 31510
8674 31543
8674 3209
8674 34288
8674 34594
8674 34772
8674 34779
8674 35339
8674 35369
8674 43061
8674 43848
8674 48339
8674 48362
8674 49808
8674 50507
8674 5578
8674 57463
8674 59890
8674 62239
8674 7713
8674 8445
8928 12605
8928 13004
8928 13101
8928 16265
8928 197540
8928 20562
8928 21013
8928 24724
8928 24940
8928 29208
8928 29545
8928 31510
8928 31543
8928 3209
8928 34288
8928 34594
8928 34772
8928 34779
8928 35339
8928 35369
8928 43061
8928 43848
8928 48339
8928 48362
8928 49808
8928 50507
8928 5578
8928 57463
8928 59890
8928 62239
8928 7713
8928 8445
9002 12605
9002 13004
9002 13101
9002 16265
9002 197540
9002 20562
9002 21013
9002 24724
9002 24940
9002 29208
9002 29545
9002 31510
9002 31543
9002 3209
9002 34288
9002 34594
9002 34772
9002 34779
9002 35339
9002 35369
9002 43061
9002 43848
9002 48339
9002 48362
9002 49808
9002 50507
9002 5578
9002 57463
9002 59890
9002 62239
9002 7713
9002 8445
9009 12605
9009 13004
9009 13101
9009 16265
9009 197540
9009 20562
9009 21013
9009 24724
9009 24940
9009 29208
9009 29545
9009 31510
9009 31543
9009 3209
9009 34288
9009 34594
9009 34772
9009 34779
9009 35339
9009 35369
9009 43061
9009 43848
9009 48339
9009 48362
9009 49808
9009 50507
9009 5578
9009 57463
9009 59890
9009 62239
9009 7713
9009 8445
9119 12605
9119 13004
9119 13101
9119 16265
9119 197540
9119 20562
9119 21013
9119 24724
9119 24940
9119 29208
9119 29545
9119 31510
9119 31543
9119 3209
9119 34288
9119 34594
9119 34772
9119 34779
9119 35339
9119 35369
9119 43061
9119 43848
9119 48339
9119 48362
9119 49808
9119 50507
9119 5578
9119 57463
9119 59890
9119 62239
9119 7713
9119 8445
