10026
109
1136
1140
11816
12301
12306
12310
12329
12350
12389
1239
12399
1241
12496
12578
12637
1267
12695
12714
12731
12732
12759
12849
12859
12874
12883
12931
13002
13030
13122
13157
13194
13249
13285
132876
133229
14413
15224
15399
15480
15516
15542
15547
15557
15589
15623
15704
15720
15763
15772
15802
15943
15958
15966
16097
16211
16298
16347
16353
1680
17222
17451
17511
18001
196844
197000
197038
197426
197692
198721
199275
199330
199547
199660
199837
199947
200023
200478
200612
200794
200981
201288
201877
20278
202954
20485
20504
205668
20621
20634
206676
20764
20766
20804
20886
21013
21219
22023
23106
23947
24218
24482
24586
24608
24904
25091
25160
25178
25180
25220
25291
25596
2611
2828
2852
2854
28801
28876
28917
28929
29014
29017
29049
2914
29140
29169
29208
29278
29314
29405
29467
29479
29535
29632
29697
29990
30740
30844
30889
31078
31319
31328
31334
31424
31449
31577
31595
31638
3252
3255
3262
3302
3327
33796
33986
34019
34177
34224
34288
34305
34442
34569
34695
34803
34863
34984
35297
35320
35366
35432
35574
35625
35745
37009
37179
37187
37271
37282
37468
37497
37564
37662
38001
38040
38082
38158
38915
39120
39122
39179
39180
39244
39537
39651
39737
39923
40999
41059
41090
41095
41153
41313
4134
41405
41690
41887
42184
42525
42541
42624
42707
42794
42841
43142
43376
43404
43942
44020
44034
44141
44431
44788
44814
44843
44981
45015
45352
45430
45489
45629
45899
4637
4651
4657
47232
47329
47447
47541
4761
47622
4766
47748
48200
48237
48293
48519
48522
48526
48858
49285
49375
49405
49453
49463
49535
49653
50056
50083
50272
50287
50300
50304
50352
50384
50622
50629
50673
50763
50812
50923
51018
51028
51167
51254
51313
51555
52320
53264
5394
5410
54104
5466
55195
5563
55818
5588
559
56665
56953
57043
57463
58453
58511
58580
58952
59318
59560
59605
59624
59655
60294
60319
60501
60664
60718
60764
60822
60890
61319
63949
63956
64049
6663
6682
6834
6866
6908
6939
7415
7713
8218
8220
8262
8304
8368
8399
8400
8422
8447
8452
8462
8473
8487
8551
8560
8632
8717
8764
8816
8839
8851
8866
8928
8932
8953
8966
9029
9036
9269
9304
9318
9381
9498
9583
