10026
10310
109
1101
1103
11179
112
1126
1136
1140
11816
12041
12189
12301
12306
12310
12315
12322
12329
12350
12355
12389
1239
12399
1241
12414
1248
12496
12552
1257
12578
12637
12654
1267
12695
12713
12714
1273
12731
12732
12759
12779
12849
12850
12859
12871
12874
12876
12883
12902
12931
12956
12969
12989
12993
13002
13030
13101
13122
13157
13193
13194
13213
13237
13238
13249
13285
132876
133229
13335
13414
134390
13445
135391
136769
13720
13768
14061
14127
14907
15133
15169
15224
15399
15412
15426
15435
15447
1547
15480
15516
15542
15547
15557
15576
15589
15600
15623
15693
15695
15703
15704
15720
15763
15772
15802
15830
15879
15932
15943
15958
15966
16080
16097
16147
16211
16265
16276
16298
16347
16353
16509
16637
1668
1680
16839
17222
17451
17511
17554
17557
1764
18001
18106
18705
19551
196689
196752
19679
196844
197000
197038
197156
197219
197426
197440
197595
197612
197692
197902
197981
197985
198028
198435
198721
198792
199139
199275
199330
199332
199524
199547
199660
199670
199837
199939
199947
200020
200023
200052
200079
200478
200612
200756
200781
200794
200904
200981
201214
201288
201290
201517
201791
2018
201877
202120
202169
202189
202196
202197
20278
202932
202954
203040
203164
203319
203923
203976
204196
20473
20485
20495
204995
20504
20546
20559
20562
205668
20621
206264
20634
20640
206676
20764
20766
20804
20847
20857
20886
20932
20936
20940
20953
20969
21013
2119
21219
21221
21263
21320
21345
21478
22023
22363
22822
22870
2300
23106
23393
23576
23939
23947
24167
24218
24482
24586
24608
24642
24730
24778
2484
24875
24904
24940
24961
25074
25091
25148
25151
25152
25160
25178
25180
25182
25220
25291
25369
25459
25542
25595
25596
2603
2611
26120
262632
262788
2635
26496
26667
267613
2686
27281
27313
27381
28260
2828
2852
2854
28598
286
28685
28725
28788
28801
28834
28876
28917
28929
29014
29017
29049
2906
29073
29075
29119
2914
29140
29141
29169
29263
29278
293
29314
29396
29405
29462
29467
29479
29535
29632
29697
29791
29990
30081
30094
30132
30419
30740
30781
30818
30844
30889
30925
31019
31027
31042
31078
31122
31133
31216
31220
31319
31328
31334
31383
31424
31449
31477
31500
31510
31529
31577
31595
31615
31638
31673
3209
3216
3223
3225
3252
3255
3257
32590
3262
3265
3267
32787
3292
32934
32978
3302
3303
33031
33047
3320
3326
3327
3333
33438
3356
33796
33849
33873
33891
33915
33986
34019
34087
34106
34141
34177
34215
34224
34288
34305
34309
34442
34569
34655
34695
34756
34762
34803
34863
34868
3491
34953
34968
34984
35030
35156
35297
35320
35366
35432
35574
3561
35625
35745
35819
36060
36089
36182
36236
36351
36408
36692
36944
37009
37100
37179
37187
37271
37282
37468
37497
37564
37662
38001
38040
38082
38090
38158
3856
38645
38880
38915
39063
3910
39120
39122
39179
39180
39244
39309
39326
39351
39386
39537
395561
39591
39637
39647
39651
39686
39704
39737
39832
39923
40627
40676
40999
41041
41059
41090
41095
41153
41313
4134
41405
41552
41690
41692
41887
41913
42
42184
42385
42473
42525
42541
42567
42624
42649
42707
42708
42794
42841
42949
43142
43190
43225
43293
43350
43366
43376
43404
43437
43531
43727
43942
43995
43996
44020
44034
44066
44141
44431
44444
4445
44608
44654
44735
44788
44814
44843
44981
45015
45037
45352
45430
45474
45489
45629
4589
45899
46235
4637
46489
4651
46562
4657
46786
47009
47065
47172
47195
47232
47254
47329
47441
47447
47541
4755
4761
47622
4766
47748
47764
47836
47869
4788
47886
47973
48173
48200
48283
48293
48345
48519
48522
48526
48858
49285
49289
49360
49375
49405
49453
49463
49535
49544
49605
49653
49685
49820
49981
50010
50056
50072
50083
50245
50266
50272
50287
50295
50300
50304
50316
50343
50352
50384
50618
50622
50629
50655
50673
50763
50812
50923
51018
51028
51050
51088
51167
51185
51254
51313
51468
51555
51752
51906
52041
52233
52320
52438
53264
53563
5390
5394
5400
5410
54104
54113
5413
54183
54312
5466
54825
54994
55195
5524
5563
55799
55818
5583
5588
559
56396
56550
56583
56611
56630
56647
56654
56665
56704
56953
57043
57119
5713
57208
57463
57724
57928
57976
58073
58138
58209
58291
58453
58511
58580
58952
59318
59545
59560
59605
59624
59655
59701
59865
59940
60011
60022
60144
60294
60319
60350
60501
60664
60718
60764
60822
60890
60893
61200
61266
61319
61323
61349
61387
61955
62041
62044
62245
62325
62713
62715
62955
63113
63199
63399
63541
63949
63956
64049
6412
64515
64518
64525
64527
6453
64583
64595
64597
6461
64650
6507
6661
6663
6667
6677
6682
6717
6724
6730
6735
6762
6774
6805
6830
6834
6866
6908
6939
702
714
7160
7342
7415
7713
7862
8075
8218
8220
8262
8283
8304
8309
8315
8359
8365
8368
8399
8400
8403
8422
8426
8447
8452
8455
8462
8468
8473
8487
8529
8551
8560
8587
8608
8632
8657
8674
8708
8717
8763
8764
8767
8781
8816
8837
8839
8851
8866
8881
8918
8928
8932
8953
8959
8966
9002
9009
9029
9031
9036
9050
9115
9121
9145
9150
9167
9269
9299
9304
9318
9381
9498
9583
