10026
112
12041
12301
12348
1239
1241
1241
1241
12453
12470
12496
12578
1267
12678
12680
12693
12695
12741
12759
12849
12874
12880
12883
12923
12931
12975
12975
13000
13045
13101
13122
13124
13124
13132
13157
13194
132876
13445
14413
15366
15456
15547
15557
15557
15594
15605
15623
15672
15702
15743
15763
15802
15895
15933
15958
15965
15966
16024
16178
16211
16316
16347
17511
18705
196844
196922
196925
197062
197540
198018
198018
198335
198385
198570
198930
198967
199599
200924
201053
201535
201764
202023
20278
203536
203724
203923
205388
20546
205460
206313
206356
20647
20686
206892
20766
20771
20783
20810
20810
20811
20830
20847
20847
20853
21021
21413
21413
21476
21497
22023
22023
23939
24218
24582
24679
24724
24953
25068
25081
25133
25178
25415
2854
28716
28725
28889
29076
29076
29081
29169
29226
29314
29467
29545
29624
29697
29834
29838
30094
30766
30833
30844
31019
31029
31078
31242
31287
31319
31449
31510
31638
3225
3255
33011
33894
33922
33986
34011
34019
34058
34086
34086
34123
34177
34224
34288
34569
34695
34758
34772
34788
34803
34863
34867
34895
34928
34984
35179
35205
35311
35805
35819
36236
36692
37497
37564
37662
38016
38880
39090
39122
39180
39216
39279
39537
39560
39651
39702
39702
39704
39737
39878
41033
41059
41268
41313
41412
41552
41690
41692
42390
42459
42624
42861
43341
43350
43350
43376
43407
43509
43509
43541
43561
43793
44020
44050
44053
44096
44217
44356
44444
44788
44843
44927
44943
44974
44981
45352
45489
45758
45896
45899
4637
4637
4651
4657
47119
47169
47372
47441
47622
47626
4766
47692
47869
48166
48200
48293
48297
48362
48484
48526
48719
49009
49136
49218
49505
49605
49830
50020
50157
50245
50289
50324
50472
50673
50837
50923
51028
51167
51184
51185
51324
51343
51483
51555
51862
52320
52873
53264
5404
5410
54104
5466
5483
5511
55195
5521
5563
5578
55805
55818
55819
5603
5605
56665
57119
57344
57344
58511
59318
59507
59605
59624
60171
60280
60350
60447
60501
60522
60720
60764
60822
60868
61244
61955
62081
62336
62363
63311
64049
6412
6659
6659
6682
6697
6717
680
6858
6866
6866
6876
6898
6910
7363
8218
8222
8262
8262
8304
8339
8339
8351
8374
8391
8452
8452
8462
8473
8487
8596
8632
8641
8657
8717
8741
8764
8764
8764
8764
8778
8821
8839
8851
8866
8878
8879
8879
8926
8926
8953
9029
9036
9038
9050
9145
9211
9269
9304
9318
9381
9498
9583
