10026
10158
10282
10310
112
12041
12301
12306
12312
12316
12322
12329
12337
12348
12355
12360
12389
1239
12399
1241
12440
12453
12470
1248
12480
12496
12510
12531
12552
12578
12625
12654
1267
12676
12678
12680
12684
12693
12695
12713
12714
1273
12731
12741
12748
12759
12779
12808
12843
12849
12850
12859
12874
12883
12897
12923
12931
12941
12975
12989
12993
13000
13002
13030
13045
13054
13101
13122
13124
13132
13157
13184
13193
13194
13213
132203
13237
13238
13249
13285
132876
133229
13335
133952
13414
13445
13768
13896
14061
14340
14413
15133
15169
15366
15412
15456
1547
15547
15557
15594
15598
15600
15605
15606
15623
15672
15695
15702
15743
15763
15772
15802
15805
15830
15895
15925
15933
15943
15958
15960
15965
15966
15967
16024
16097
16178
16211
16265
16276
16316
16347
16509
1668
1680
17102
17511
1764
18001
18106
1836
18705
19551
196819
196844
196922
196925
196954
196968
197062
197071
197440
197524
197540
197915
197965
197981
198018
198335
198385
198570
198726
198781
198930
198967
199163
199330
199421
199524
199599
199790
199841
200052
200062
200185
200187
200478
200561
200612
200924
201053
201213
201214
201701
201764
202023
202053
202196
20278
202885
203507
203536
203724
203923
203968
204577
20459
20485
20504
205388
205460
205530
20562
206053
206313
20633
206356
20640
20647
20676
20686
206892
20764
20766
20771
20773
20783
20792
20804
20810
20811
20830
20847
20849
20853
20886
20928
20932
20940
21013
21021
21161
2119
21219
21263
21320
21336
21345
21385
21413
21446
21473
21476
21497
21859
22023
22300
22822
23393
23576
23939
24218
24482
24582
24637
24679
24724
2484
24940
24953
24961
24989
25002
25068
25074
25081
25091
25133
25152
25178
25180
25192
25220
25279
25291
25394
25415
25560
25595
25818
2603
262589
262632
2635
26667
267613
2686
27381
2818
28260
2828
2854
2857
286
28676
28716
28725
28748
28760
28876
28889
28917
29014
29037
29049
2906
29075
29076
29081
2914
29140
29169
29182
29208
29226
29286
29314
29404
29467
29479
29545
29624
29632
29670
29686
29697
29834
29838
29990
30081
30094
30766
30781
30833
30844
30889
31019
31025
31027
31029
31042
31059
31078
31103
31122
31133
31216
31242
31252
31287
31319
31334
31400
31449
31500
31510
31529
31543
31638
3209
3216
3223
3225
32425
3252
3255
3257
32590
32787
3292
32934
33011
3303
33047
33082
3320
3326
3327
33353
33438
3356
33808
33843
33873
33891
33894
33922
33986
34019
34058
34086
34123
34177
34224
34288
34309
34347
34569
34624
34655
34695
34758
34772
34788
34803
34863
34867
34895
3491
34953
34966
34984
35179
35180
35205
35258
35297
35311
35313
35320
35432
3549
35522
3561
35805
35819
36236
36351
36408
36692
37009
37100
37271
3741
37468
37497
37564
37662
3786
38016
38040
38193
3856
38880
39063
39090
3910
39122
39180
39216
39257
39279
39386
39537
39560
39651
39702
39704
39737
39878
39912
39915
41033
41059
41095
41268
41289
41313
4134
41412
41552
41690
41692
41998
42
42184
42385
42390
42411
42416
42456
42459
42525
42587
42605
42624
42652
42708
42739
42965
43341
43350
43376
43407
43509
43530
43531
43541
43561
43623
43727
43793
43996
44020
44050
44053
44066
44096
44217
44356
44444
44530
44654
44788
44814
44843
44927
44943
44974
44981
45102
45204
45352
45489
45758
4589
45896
45899
4637
46489
4651
4657
46786
47119
47147
47169
47195
47215
47254
47372
47441
47447
47541
47605
47622
47626
4766
47692
4775
47764
47869
47872
4788
4809
48152
48166
48173
48200
48293
48297
48347
48362
4837
48484
48526
48719
48821
48918
49009
49024
49136
49405
49505
49544
49605
49666
49724
49830
49958
49981
50010
50020
50061
50073
50157
50245
50287
50289
50324
50343
50384
50469
50472
50533
50629
50673
50683
50837
50923
51028
51167
51184
51185
51254
51324
51343
51399
51468
51483
51531
51555
51795
51852
51862
52320
52873
53264
53889
5391
5400
5404
5409
5410
54104
54113
5413
5430
54312
5439
5466
5483
54994
5511
55195
5521
553
5539
5560
5563
5578
5580
55805
55818
55819
5588
55967
5603
5605
56357
56630
56654
56665
57111
57119
5713
57344
57463
57928
57976
58010
58243
58453
58511
59318
59507
59605
59624
59655
59675
59796
60169
60171
60280
60294
60350
60404
60447
60501
60522
60720
60752
60764
60822
6083
60890
61098
61157
61186
61244
61266
61317
61438
61955
62023
62044
62093
62325
62336
62363
62955
63199
63311
63949
64049
64096
6412
6453
64597
6461
6507
6659
6661
6663
6667
6682
6697
6717
6724
6730
6735
6762
6774
680
6805
6830
6858
6866
6876
6898
6900
6908
6910
6939
702
7342
7363
7552
7713
8075
8218
8220
8222
8262
8302
8304
8308
8309
8319
8339
8351
8359
8365
8374
8391
8400
8403
8422
8426
8447
8452
8462
8468
8469
8473
8487
8513
8529
8544
8551
8560
8596
8632
8641
8648
8657
8674
8677
8708
8717
8732
8741
8752
8757
8763
8764
8767
8778
8781
8804
8821
8823
8839
8851
8859
8866
8878
8879
8881
8926
8928
8932
8953
8966
9002
9009
9022
9029
9031
9036
9038
9044
9050
9063
9116
9119
9121
9145
9189
9197
9211
9269
9299
9304
9318
9381
9498
9583
