10310
12496
12670
12779
12850
13002
13285
132876
13445
14413
15547
15557
15826
15965
16191
16363
16509
196983
197422
197426
197551
197692
197922
198191
198290
198385
198435
199125
199275
200129
202069
20278
203554
20485
205705
20764
21101
21502
2200
24482
24611
25178
25273
2595
2602
2611
2613
29169
30740
30990
31019
31042
31216
31424
31449
31595
31638
3216
3225
328107
34288
34572
34606
34781
35280
37100
39122
39326
39405
39636
39931
41090
41157
41405
42411
42669
42845
43100
43142
43646
43858
44050
44295
44494
47242
47406
47608
47872
48519
48526
49375
49605
50245
50812
50858
51254
51405
53264
55195
56665
57633
59318
59842
60350
60394
60497
60718
6939
7713
8220
8262
8400
8632
8816
8966
9153
9304
9583
