10310
112
12496
12670
12684
12696
12779
12826
12850
12876
13002
13193
13237
13285
132876
13335
13414
13445
14340
14413
15169
15401
15412
15422
15436
15547
15557
15695
15826
15830
15965
16080
16128
16191
16211
16265
16276
16347
16363
16509
196766
19679
196983
197033
197133
197422
197426
197551
197692
197696
197922
197981
198111
198126
198184
198191
198287
198290
198331
198335
198385
198435
198545
198551
198682
199121
199125
199275
199383
199396
199483
199660
200050
200116
200129
200780
200995
201080
201085
201675
201699
201703
201808
202069
202140
20278
203547
203554
203698
203789
203885
203908
204207
20485
205344
205555
20562
20565
205705
205801
205919
206342
206508
206720
206782
20764
20766
20900
20940
20986
21034
21042
21101
21339
21349
21351
21409
21502
2200
2280
22822
24482
24611
24776
2484
24843
2486
24904
25091
25152
25178
25273
25593
2595
2602
2611
2613
2635
2686
28855
2906
29075
29169
29246
29286
29467
29513
29605
29608
29639
30740
30741
30781
30889
30919
30972
30990
31019
31042
31167
31216
31235
31328
31424
31449
31564
31595
31638
3215
3216
3225
32590
327814
32787
328107
32934
3303
33353
33835
33930
34002
34006
34019
34177
34288
34422
34572
34606
34659
34683
34863
35012
35280
35393
35600
35625
35717
36236
36408
36629
36692
37002
37054
37100
37693
38040
3856
39063
39072
39104
39117
39122
39180
39326
39405
39444
39583
39600
39605
39636
39905
39931
41044
41090
41156
41157
41191
41405
41653
41690
42
42411
42456
42473
42669
42845
42929
43100
43142
43350
43436
43531
43858
43930
44000
44050
44053
44099
44141
44160
44219
44295
44444
44494
44583
44788
44902
45629
4589
46489
47242
47254
47264
47406
47608
47866
47872
48296
48310
48426
48518
48519
48526
48815
49373
49375
49463
49477
49594
49605
49690
49763
50032
50245
50620
50624
50628
50796
50812
50858
50903
51254
51269
51326
51405
51985
52075
52143
53264
5400
5410
54994
55195
56665
57111
57119
57468
57633
57642
57734
57809
57902
57928
57976
58208
58308
58453
59318
59689
59842
60032
60132
60171
60350
60394
60427
60497
60718
60868
60940
61124
61205
61319
62044
64476
6507
6661
6738
6758
6939
702
7500
7713
8075
8218
8220
8262
8304
8309
8310
8399
8400
8426
8487
8554
8560
8565
8632
8674
8723
8784
8816
8839
8966
9002
9036
9153
9304
9583
