
10026
10030
10032
10098
10099
10103
10118
10222
10310
12389
1239
12678
1273
131274
131303
131477
13150
131613
132132
132203
132252
132499
132506
132839
132876
133070
133077
13335
133380
133613
133771
133778
133929
13414
13445
134548
134672
134705
135025
135158
135330
135356
135373
135386
135391
135607
136253
136390
136501
137816
14537
15169
15412
15695
16265
16509
17408
17444
17451
17511
17537
17554
17579
17604
17657
17666
17676
17709
17819
17924
17934
17975
17984
17990
18059
18106
18218
18403
19324
19551
19679
199524
200077
20485
206264
209
20940
21859
22363
22822
23576
23673
23709
23749
23875
23881
23911
23930
23944
24028
24043
24077
24088
24133
24151
24167
24218
24334
24441
24449
24482
24516
2497
2518
2603
2635
2687
2706
31133
31529
3216
32590
32787
32934
3300
3303
3356
3491
3549
36236
36351
36408
3661
3662
36692
3741
3786
38001
38040
38082
38158
38182
38186
38195
38197
38235
38277
38345
38478
3856
38574
38603
38623
38726
38819
40065
4058
41095
41913
42
43996
44444
45102
4515
45187
45204
45348
45352
45430
45474
45496
45561
45587
45590
45629
45753
45816
45896
45899
45910
45932
4594
4609
4637
4641
4646
46489
4651
4658
4739
4760
4761
4773
4775
4780
4788
4800
4809
4826
4862
53727
53813
54574
55329
55350
55355
55361
55367
55536
55569
55720
55769
55818
55967
56059
56190
56195
58411
58451
58453
58511
58548
58552
58627
58708
58779
58879
58985
59214
59318
59371
63199
63399
63631
63916
63928
64013
64047
64050
64096
6619
6648
6660
6939
7473
7479
7497
7540
7545
7552
7577
7610
7660
7713
7979
8075
8220
8304
8674
8966
9002
9221
9231
9253
9263
9264
9269
9270
9293
9304
9381
9409
9416
9444
9505
9534
9535
9536
9584
9658
9729
9732
9821
9902
9906
9908
9924
9925
