131706
131711
131717
131749
131755
131767
131769
132164
133352
133804
133811
133819
133838
134622
134643
134651
135439
135484
136119
136127
136821
136840
137295
17451
17538
17670
17671
18393
23693
23699
23947
23948
23951
23953
24204
24523
24528
24529
24532
24534
24535
38147
38148
38156
38496
38501
38522
38524
38753
38768
38770
38896
42
45298
45302
45710
45716
45731
45786
46023
4787
4795
4800
4833
4855
55653
55663
55666
55685
55687
55699
58376
58379
58404
58474
58482
58487
58495
58514
58815
59139
59147
59149
59155
59158
59285
63490
63501
7597
9326
9785
9875
