1103
11666
12041
12350
12390
12399
12536
12578
1267
12695
12759
12850
12874
13005
13238
132591
132876
1547
15547
15557
15589
15623
16211
16347
18059
18106
18705
196844
197898
199121
200083
202793
203416
20485
206405
20681
207044
20764
20804
20832
2110
2116
22023
23939
25376
2611
27471
28716
28929
29049
29119
29169
29314
29834
30094
30889
30990
31042
31500
31631
31638
3216
3225
33182
33854
34177
34224
34245
34288
34407
34695
34803
34934
35297
35574
37009
37239
37273
37282
37349
37363
37564
38040
38182
38880
39120
39122
39651
40676
41552
41690
41847
42525
43545
44020
44050
44611
44788
45352
45758
4657
47447
47541
4761
47622
4766
47869
4800
48519
48526
49505
49605
50023
50923
51028
51185
51603
52320
5410
55195
55819
5588
56258
57099
57119
57463
58226
58273
59318
59605
60350
60447
60822
60899
62217
6412
6648
6663
7642
8262
8304
8400
8473
8732
8878
8932
9029
9036
9050
9178
9269
