10026
10310
10474
1103
11666
12041
12083
12200
12290
12322
12350
12389
1239
12390
12399
1248
12496
12519
12536
12552
1257
12576
12578
12654
12658
1267
12695
12703
12713
1273
12759
12779
12850
12859
12874
12956
12969
12989
13005
13006
13009
13030
13037
13122
13193
13208
13213
13237
13238
132591
13285
132876
13335
133372
13360
13414
134145
13445
136620
13768
13896
14061
14340
14413
14492
14537
14717
15133
15169
15399
15412
1547
15510
15533
15547
15557
15589
15594
15623
15692
15695
15766
15773
15802
15830
15839
16082
16164
16174
16211
16265
16276
16303
16347
16353
16376
16509
16637
1680
16839
17088
17451
17511
17557
17660
18059
18106
18705
1921
19324
19551
19679
196844
196881
197000
197426
197440
197529
197669
197898
197913
197981
198313
198440
198554
198736
198781
198849
199121
199188
19919
199204
199330
199335
199468
199481
199516
199524
199659
199670
199706
199775
200039
200052
200070
200083
200507
200612
200638
200700
200781
200856
201126
201189
201207
201216
201217
201219
201261
201266
201277
201300
201320
201354
201445
201473
201506
201798
2018
201838
202020
202119
202149
202222
202793
202867
203057
203164
203231
203416
203421
203520
203568
203724
203851
204222
204264
204598
20473
20485
205389
205402
20562
205917
20596
206347
206405
20681
206934
206999
207044
20712
207195
20764
20773
20799
20804
20832
20860
20915
20940
20952
21099
2110
2116
2119
21267
21320
2134
21345
21371
21396
21472
21859
22023
22363
22822
22925
23393
23576
23889
23939
24218
24482
24594
24637
2484
24916
24931
2497
25061
25091
25152
2516
25160
25178
25180
2529
25369
25376
25460
25577
25590
25595
25605
25818
2603
2611
26282
2635
26415
267613
2686
27471
27630
27822
2818
2828
2856
286
2860
28716
28757
28792
28846
28889
28920
28929
29006
29009
29017
29049
2906
29075
29119
2914
29169
29297
29314
29452
29479
29527
29550
29606
29611
29636
29668
29676
29697
29791
29834
30081
30094
30740
30781
30818
30827
30844
30889
30914
30931
30933
30990
31042
31059
31084
31122
31133
31216
31459
31463
31472
31500
31595
31631
31638
31641
31655
31672
31708
31727
3213
3216
3223
3225
32425
3257
32590
327814
32787
3292
32934
3303
33047
33081
33182
3320
33353
33438
3356
33763
33854
33891
33920
33941
34066
34119
34177
34224
34245
34270
34288
34309
34407
34442
34555
34655
34695
34746
34768
34772
34790
34803
3491
34934
34967
34984
35028
35180
35228
35266
35297
35399
35425
35432
35551
35574
35575
35799
35826
35834
35838
36131
36236
36351
36408
36692
36891
36902
36944
36994
37009
37054
37100
37122
37154
37179
37239
37271
37273
37282
37349
37363
3741
37468
37497
37529
37564
37613
37662
37678
37680
38001
38040
38082
38182
3856
38719
38740
38808
38880
39063
3910
39120
39122
39179
39202
39326
39356
39386
39522
39537
39545
39651
39905
39915
4004
40627
40676
41000
41095
41230
4134
41354
41357
41379
41393
41495
41552
41678
41690
41695
41769
41811
41847
42
42004
42010
42040
42044
42228
42344
42353
42369
42455
42473
42525
42543
42579
42689
42708
42831
43013
43256
43323
43338
43350
43404
43519
43531
43545
43599
43996
44050
44332
44356
44371
44444
44503
44611
44646
44654
44684
44735
44788
44965
44981
45014
45352
45430
45474
45758
4589
4637
46450
46489
4651
46562
4657
46786
47254
47264
47447
47474
47480
47541
4761
47622
47631
4766
47704
47762
47869
47872
4788
47998
47999
4800
48101
48237
48294
4837
48519
48526
48620
48945
49158
49249
49318
49344
49375
49415
49425
49505
49544
49572
49605
49758
50023
50056
50245
50287
50292
50300
50304
50311
50316
50468
50746
50823
5089
50914
50923
50957
51023
51028
51043
51048
51055
51159
51185
51263
51297
51406
51409
51468
51551
51561
51603
51782
51823
51918
51945
52075
52320
5378
5400
5410
54104
54113
5413
5466
54994
5500
5503
55081
5511
55195
5564
55818
55819
5587
5588
5607
56258
5631
56329
56444
56478
56484
56595
56704
56730
56990
57099
57111
57119
5713
57228
57315
57356
57463
57653
57811
57976
58226
58273
58453
58511
59318
59395
59410
59439
59455
59605
59624
59659
59701
59933
60011
60157
60171
60241
60257
60339
60350
60447
60501
60610
6067
60800
60822
60868
60899
61049
61081
61124
61215
61231
61323
61337
6169
61955
62044
62217
62227
62240
62244
62955
63949
64049
64096
6412
64252
64271
6447
6453
64597
6461
6507
6619
6643
6648
6661
6663
6667
6677
6717
6730
6762
6774
6779
6830
6866
6894
6908
6939
702
714
7155
7160
7342
7363
7473
7642
7713
786
7862
8075
8220
8262
8282
8301
8304
8309
8359
8365
8400
8403
8422
8426
8435
8452
8455
8468
8473
8513
8529
8530
8544
8551
8553
8560
8607
8657
8674
8680
8681
8683
8698
8708
8732
8757
8781
8789
8851
8878
8881
8896
8897
8902
8928
8932
8943
8950
8953
8966
9002
9009
9029
9031
9036
9044
9050
9116
9140
9145
9153
9178
9193
9269
9304
9318
9381
9498
9505
9583
