
10310
12041
12637
12650
12654
1267
12709
12779
12835
12850
12874
13030
13097
13335
137
14537
15133
15169
15433
15589
15605
15691
15695
15720
15830
16276
16509
174
19551
196749
196753
196761
19679
196865
196983
197075
197293
197589
198013
198102
198292
198319
198380
198697
198721
199181
199324
199362
199536
199547
199837
199941
199947
200043
200108
200507
200794
200799
201058
201502
201518
201602
201806
201877
201950
202032
202347
202761
203180
203201
203489
203591
204121
204180
204366
204809
20485
204923
205032
205099
205139
205260
205276
206022
206299
206693
206701
207013
207018
20811
20836
20924
20940
21056
21101
21176
21309
21320
22822
24482
24608
24637
24880
24994
25002
25152
2597
2635
26415
2686
28716
28929
28941
28999
2906
29216
29449
30722
30848
31034
31076
31115
31222
31263
31319
31510
31611
31617
31638
3209
3216
3269
32934
3302
3303
33986
34347
34606
34695
34758
35193
35574
35612
35617
36351
36408
36692
39120
39217
39729
39825
41095
41160
41497
41606
42909
43061
43531
43942
44160
44444
44513
44831
45015
4589
46489
47178
47217
47408
47927
48500
48519
48544
48634
49088
49289
49360
49367
49524
49535
49605
49640
49653
49709
50112
50316
50352
50809
50877
51185
51569
51580
51708
5392
5394
5396
5400
54104
54994
5580
5602
56550
56911
57111
57463
57495
57976
59699
59862
60475
60501
60772
60798
60822
62044
62166
62275
6507
6730
6734
6853
6898
6939
702
7713
8075
8220
8224
8234
8265
8612
8660
8816
8922
8928
8966
8968
9002
9026
9104
9137
