10310
112
12570
12850
13335
15169
15425
15614
15685
15935
16019
16246
16276
16509
196762
197013
197046
197197
197284
197307
197698
198605
199298
199330
199490
199524
199803
200155
201053
201163
20144
201594
201730
202605
202921
203165
205535
206548
207153
20723
20940
21320
21430
22822
24482
24806
24971
25093
25192
25234
25248
25424
25512
26415
2686
2852
28725
28851
28892
28972
28978
29086
29134
29208
29321
29405
29504
29583
30134
30764
31042
31246
31349
3216
3257
32590
32787
33891
34080
34955
35214
35236
35361
35592
35613
36236
36351
36692
38949
39235
39790
39791
39817
39904
39906
41046
41088
41711
42000
42306
42477
42841
43037
43070
43413
43531
43541
43708
43709
44522
44712
46489
47110
47200
47232
47727
47868
48298
48417
49142
49206
49931
50695
50698
51248
51800
5400
5578
5588
5610
56344
56456
57279
57463
58239
59970
59984
60890
61296
6507
6663
6830
6881
6939
702
7713
8075
8218
8251
8518
8646
8913
