112
12041
12307
12333
12347
12350
12387
12553
12654
13030
13101
13237
13250
13335
14413
15169
15398
15517
15547
15576
15600
15623
15716
16242
16265
16509
1764
1836
196621
197439
197964
198249
198288
198385
198738
199403
199811
200759
200924
201505
202032
202194
203340
203969
204178
204631
205073
20562
20612
20634
206492
206616
20893
20932
20940
20984
21040
21069
21232
22822
24482
24889
24951
25091
25152
25291
25375
25435
25563
25581
26415
2686
28859
28875
2906
29075
29097
29222
29545
29655
29668
29691
30419
30781
30786
31004
31042
31424
31662
31736
3216
3250
3303
33845
33891
33965
34288
34309
34554
34578
34960
35054
35223
35518
3856
39063
39764
40627
41549
41562
41872
41913
42
42085
42476
42760
42909
43284
43531
44444
47147
47176
47302
47337
47617
47692
48027
48362
48461
48885
48971
49237
49489
49605
49867
49983
50837
51184
51262
51395
51768
51873
5385
5400
559
57118
57581
58299
59414
59622
59761
59890
59891
59905
60390
60486
60804
61174
61287
62035
62320
62512
64463
6507
6730
6772
6775
6776
6939
7713
8075
8218
8220
8247
8302
8453
8758
8821
8966
9002
9009
9044
9092
9100
9153
