12346
12580
12741
12912
13110
13335
14037
15169
15694
15855
15967
15997
16276
16342
196866
196969
197064
197091
197155
197220
197431
197447
197588
197682
197697
197734
197811
197977
198036
198072
198408
198517
198577
198591
198611
198743
198782
198884
198921
199057
199453
199715
200094
200437
200999
201054
201342
201814
201990
202081
202162
203064
203417
203435
203628
205299
205308
20555
205727
206336
20804
20853
20940
21068
21321
21344
24709
25084
25443
25506
25557
29314
29522
29535
29632
29665
30782
30838
30975
31080
31199
31505
31608
31621
3169
3252
32934
33807
34252
34337
34342
34525
34844
35323
35434
35498
35745
35787
39255
39330
39603
39661
41201
41247
41421
41499
41508
41650
41676
41790
41860
41930
41931
41966
42153
42204
42503
42673
42739
42797
42830
42963
43253
43941
44370
44655
44856
46489
47223
47252
47329
47790
48428
48487
48559
48707
48896
49386
49420
49715
49895
50153
50333
50434
50599
50606
50625
50705
50786
51101
51148
51310
51394
51426
51484
51864
5526
5550
5588
56391
56658
56945
57239
57305
57367
57613
57718
57811
57896
59771
60617
61154
6830
6939
8308
8323
8374
8508
8545
8664
8798
8890
9085
