
12324
12464
12741
12827
12912
12968
1299
12990
13000
13110
13119
15967
15997
16138
16276
16342
196681
196730
196776
196891
197064
197091
197099
197177
197295
197405
197437
197480
197496
197615
197667
197678
197837
197838
198001
198091
198112
198151
198187
198263
198271
198327
198410
198431
198497
198517
198604
198713
198857
198880
198910
198935
198975
199060
199113
199265
199319
199338
199356
199358
199411
199503
199859
199888
200089
200437
200605
200680
201054
201323
202004
202050
202589
203028
203255
203261
203364
203475
203566
203567
203941
205384
205485
20555
205581
206108
206183
206394
206442
206454
206581
206640
20670
20804
20853
21021
21132
21244
21395 *
21398
24748
25506
28978
29314
29451
29535
29553
29649
31080
31229
31658
34254
34409
34530
34844
34891
35174
35491
35745
39288
39310
39375
39507
39603
39816
39893
41023
41079
41297
41421
41865
42643
42739
42763
42830
42832
43118
43171
43325
43333
43476
43679
44514
44914
47223
47544
47672
48424
48505
48712
49102
49242
49420
49544
49743
49785
49792
49888
50121
50153
50331
50481
50599
50606
50607
50767
51060
51101
51155
51277
51290
51353
51399
51484
51566
51590
51619
51863
52064
52101
52106
52124
5550
5617
56391
56441
56682
56712
57332
57665
57701
57718
57811
58237
58307
58321
59611
59804
60191
60563
60624
60646
60713
60782
60806
60809
61242
62201
6507
6939
8075
8246
8256
8308
8326
8374
8508
8535
8664
8819
 
