12548
12578
12593
12662
12687
12700
12788
12883
12963
12998
13032
13053
13121
13188
13249
13307
13335
15169
15377
15497
15738
15895
16007
16066
1825600
196645
196777
196924
197520
198227
199450
199995
200000
200582
20516
20714
20833
20873
20940
21011
21219
21379
21488
21497
24593
24700
24703
24896
24962
24995
25133
25143
25229
25385
25386
25500
25505
25521
25526
28773
28804
28858
28907
28917
28994
29062
29074
29102
29107
29491
29632
30779
31061
31148
31272
31343
31725
3254
3255
3261
33817
34056
34214
34251
34265
34312
34700
34743
34792
34867
35004
35213
35297
35320
35352
35362
35365
35562
35795
39399
39431
39529
39608
39928
399911
41096
41165
41435
41710
41820
42331
42352
42396
42458
42504
42510
42512
42546
43110
43139
43332
43409
43418
43554
43576
43658
43668
43967
44416
44590
44600
44827
48117
48229
48239
48278
48385
48533
48648
48650
48683
48919
48964
49029
49038
49183
49223
49461
49588
49824
50204
50401
50499
50581
50643
50856
50864
51069
51273
51464
51500
52180
56835
56972
57422
57463
57864
58309
59497
59536
59636
60173
60777
60953
61297
61371
62206
6702
6712
6768
6846
6849
6876
6886
6939
8258
8343
8788
8856
