34218
12041
56767
196737
42227
20940
16509
42473
714
6185
49567
200005
31641
47680
39122
43599
39233
5400
2110
1273
44384
12388
200046
206723
201607
36692
47720
13335
8220
14537
41811
62059
61194
51677
15405
50088
5466
61337
207044
13237
32934
39449
21320
15169
1213
199256
6939
42310
25441
203262
43192
203109
50326
197853
43531
199346
43406
22822
14413
34245
31084
8075
206663
44212
2906
41736
204536
10310
15806
48142
39915
203754
43984
39319
42090
61145
47942
6507
35226
41073
15612
44451
16171
15533
47580
60277
7713
41678
702
31122
6830
34505
15502
30900
24637
200562
47762
39093
62455
198988
61186

