42760
28859
15716
12041
20940
198385
16509
12553
47147
34554
51873
112
9100
2686
13250
34578
47337
12307
5400
20562
9044
9044
33845
9153
62035
8247
198738
205073
49489
13335
59414
50837
8220
42909
57118
57118
41913
31662
31662
33891
15623
15623
47302
21040
48971
12333
49605
39764
199403
49237
8453
202194
41549
41549
8966
35054
13237
24951
6775
44444
196621
59891
47176
47176
21232
21232
41872
61174
61174
25581
202032
15169
1836
62320
35223
41562
29097
6939
29075
6772
29222
13030
200759
28875
51262
25091
29545
8758
8758
43284
43531
30781
197964
59890
34288
34288
51768
16265
39063
25375
22822
34309
14413
33965
9009
51184
30419
25435
21069
16242
8075
49983
24889
48885
47692
34960
2906
2906
15547
3250
15517
15517
31424
31424
206492
1764
29691
29691
203340
59905
15576
9092
58299
60390
42
3856
20984
20984
64463
7713
15600
9002
40627
6507
25152
12654
5385
62512
35518
31004
31004
31736
31042
24482
20932
48027
198249
51395
198288
48362
48461
200924
57581
6730
60804
60486
3303
30786
20612
20612
42476
42476
559
197439
25291
20893
201505
42085
20634
6776
13101
12387
29655
59622
3216
26415
12347
204631
59761
12350
29668
47617
25563
15398
199811
204178
61287
61287
206616
8821
49867
203969
8302
8302
8218
