200999
51864
14037
44370
41499
15855
20940
51394
31621
42797
199057
49420
41930
39330
197155
205727
57811
15694
198577
57367
42963
57239
3169
203064
43253
13335
57305
8323
50599
49895
197697
50434
48896
39661
42204
198517
41201
48428
31505
50786
34252
206336
34844
50333
34337
197064
198408
201054
201342
57613
35323
20853
41931
20804
31199
32934
3252
31608
197431
202081
15169
48707
44856
198072
5588
42739
41650
6939
8664
197220
25443
202162
21068
13110
48559
57718
196866
61154
21344
15997
35498
35787
33807
56658
205308
197447
41508
41676
42503
200437
34525
39255
29522
34342
50625
51426
203417
48487
12346
47223
47252
196969
51310
197734
44655
197091
200094
198611
24709
199715
197588
198743
197811
8308
15967
56945
50153
41860
29632
47790
12741
198036
42153
205299
21321
197682
31080
12580
16276
39603
35434
8545
25084
8374
12912
8798
49386
35745
51101
198884
51148
198782
51484
8508
41247
41966
201814
42673
197977
29665
41421
42830
9085
5550
25557
201990
41790
5526
203628
30975
25506
50705
199453
30838
30782
16342
29535
46489
8890
198921
6830
29314
203435
56391
50606
198591
47329
60617
59771
49715
43941
20555
57896
