45910
4658
24133
55367
9264
24167
56190
135330
9821
20940
206264
16509
58879
135391
17975
134672
200077
7660
17709
2687
2635
12678
6648
55967
64050
2518
17451
43996
3300
3491
21859
133070
63199
4651
13150
36408
10030
17408
45587
24151
9231
58453
7497
4809
45348
17554
4058
9409
24441
13335
136253
137816
135356
23911
9416
40065
23673
8220
58708
38277

20485
41913
58511
14537
55569
4609
131274
24043
45753
31529
59371
134548
9584
54574
9505
19324
19679
9658
58451
8304
135373
24449
8966
17819
9906
15695
38182
32934
131303
15412
44444
38186
18403
63928
17666
58411
199524
45204
55720
3549
58985
24218
17990
4775
15169
22363
63631
133778
132499
23749
17511
17444
9269
10103
9908
38819
23875
24334
64013
18218
132252
56195
36236
24088
6939
9304
55355
10032
45590
10118
45816
58779
9729
17657
19551
4761
135607
64096
2497
3741
23709
4739
45496
45352
23930
41095
4594
134705
7540
45629
17934
17537
7479
17604
38345
9270
17579
16265
58548
38603
38574
3356
3786
22822
135386
55361
4773
45561
9534
38235
8075
133613
10222
132132
55818
7610
23576
45932
53727
132506
8674
38001
135025
45474
2603
9902
9293
9732
58627
9535
36692
4862
133380
3856
42
2706
10026
55536
17984
4760
9444
9925
4515
9263
31133
3216
132839
32787
4800
38158
18059
58552
12389
209
45187
133771
24028
9002
59318
6619
133077
4780
7979
24482
131477
136390
131613
7473
23944
17924
17676
36351
135158
9536
55769
1239
38197
4646
38478
38195
45430
3303
63399
132876
45102
63916
55329
4788
24077
7713
4637
132203
9924
3661
4641
9221
3662
38040
10098
7545
38082
9253
46489
13414
133929
23881
10099
32590
7552
38623
18106
64047
24516
45896
45899
7577
4826
1273
6660
38726
55350
13445
56059
9381
136501
59214
10310
53813

