35617
199837
25002
31611
21309
197075
204121
12041
50877
196865
206022
20940
197589
57111
16509
41160
31034
28929
2686
2635
196749
34606
57976
203180
20811
5400
8968
207013
20836
36408
200043
36692
9104
203489
13335
15589
174
8220
15605
47178
14537
39120
49605
39729
49653
50809
42909
205099
19679
57495
49535
34695
199941
4589
199324
39217
196983
21176
12850
35612
24880
15830
31319
8966
196761
202347
15695
32934
8265
12874
196753
51569
44444
50112
137
21320
24994
45015
198292
202032
15169
43942
5580
201518
6939
204923
20924
35193
12650
19551
13030
204180
31510
44831
8224
44160
6898
8928
34758
31115
29449
198013
41095
3302
5602
5396
48500
8660
12779
43531
201502
48519
15691
31638
205139
51708
22822
198319
41606
35574
204809
47408
48634
49289
12709
8816
202761
8075
204366
31263
198697
200108
50316
50352
201877
2906
57463
29216
201602
31076
201950
199947
62275
59699
207018
28941
198380
10310
51185
44513
199181
6853
16276
47217
49360
15720
59862
198721
197293
7713
41497
54994
206701
8234
33986
31617
2597
28716
9002
6507
12654
25152
49640
12637
49367
60798
24482
201806
205276
200799
28999
60501
21101
60772
205260
205032
36351
62166
39825
201058
6734
54104
34347
56550
43061
6730
203201
3303
8922
206693
199536
203591
48544
3269
15433
13097
49088
5392
31222
51580
8612
12835
20485
46489
30848
5394
9137
9026
206299
26415
15133
702
49709
3216
3209
30722
199547
200507
56911
24637
21056
47927
24608
1267
199362
60822
49524
60475
198102
200794
62044

