9226
7575
15224
15224
45430
56172
20940
45102
16509
714
714
55855
45796
64050
2518
29606
136168
13150
38158
3908
4809
5017
13335
42909
14061
19679
62955
44356
32934
32934
136764
18403
4775
15169
135278
135278
24088
6939
29791
41095
134171
16265
10024
4773
17547
131744
8075
132132
9419
7610
23576
2906
2906
134078
134663
38001
45938
45494
16276
4628
3856
9299
133535
4800
136838
24538
7632
23947
55818
64049
64049
63927
24482
132696
132816
59318
23855
3758
23944
33438
134835
58717
4844
3303
6421
62014
4788
7713
7713
56308
136945
9930
38082
38532
32590
32590
26415
18106
19807
132837
58718
42
10310
10310
135365

