50481
41297
203941
198497
8535
200089
49420
199338
41023
203261
52106
57811
24748
49785
41865
31229
198857
199888
42643
8326
28978
197838
50331
51619
28978
49102
200680
12968
198935
205581
20853
50599
35174
198517
198091
43118
34844
50767
197064
201054
31658
20804
20804
50607
206394
57665
52124
196891
197667
51399
49743
198880
50606
51863
59611
198327
52064
48424
29535
31080
8246
202004
42739
203566
34254
51290
6939
8664
13110
52101
20670
198001
48712
199358
57718
44514
199265
197837
49544
56682
16138
60782
49242
197177
51353
49792
51566
39507
47544
15997
206454
206108
198263
58237
206640
200437
200605
21132
62201
48505
51060
199503
13000
29649
43476
8256
12324
47223
196681
60646
34891
198975
43171
8819
51590
197091
39310
8075
197678
203255
21021
61242
197099
60624
57701
197615
42763
8308
198151
43333
15967
50153
21395 *
12741
50121
198910
205485
39893
39288
29451
203475
199859
60191
197480
12990
21398
21395 *
196776
16276
58321
43679
44914
203567
198713
197437
203364
12464
34409
8374
59804
35745
203028
39603
43325
206442
51101
6507
 
197480
51484
8508
198431
197496
52064
198271
199411
60809
199113
198112
56712
41421
202050
42830
199060
41079
60713
5550
51155
196730
39375
197667
56441
1299
199356
206183
197295
198410
25506
197405
57332
16342
5617
29535
35491
12912
60563
51277
21395 *
49888
58307
29314
198604
29553
56391
199319
42832
39816
21244
28978
201323
206581
205384
202589
198187
47672
12827
34530
60806
13119
20555

