39928
20940
13335
6939
12578
57463
8788
43332
34214
13249
29107
41435
61297
39431
50204
13307
49824
20833
15738
25385
12998
43668
48683
34312
44827
59497
29062
35795
12548
35365
21497
60777
49183
61371
44600
28773
15169
6886
21219
21011
35297
51464
200000
60173
31272
51069
8343
42352
6768
48650
41710
21488
48964
35320
34251
25521
50856
24896
25386
31343
28907
52180
25143
43658
48385
6846
8258
1825600
399911
56972
31725
50864
48648
16007
35562
29491
15895
13032
34056
25229
43409
15497
35213
35362
13188
34867
43576
24700
12700
3254
50401
58309
28858
50643
25526
25133
43139
34700
39529
57864
39608
42504
20714
24995
59536
44590
24593
42510
13121
12963
48239
6876
6702
3255
12788
25500
28804
34743
12662
29632
35004
196924
198227
41820
42458
200582
24703
199995
20873
57422
49038
62206
49461
13053
49029
43418
43110
44416
49588
51500
48117
34265
28994
20516
51273
196777
48229
199450
16066
48533
6712
60953
33817
15377
59636
50499
30779
41096
42396
24962
43967
21379
35352
43554
31061
50581
29102
41165
42546
48278
12593
8856
6849
12687
56835
12883
29074
39399
34792
28917
31148
42331
3261
42512
49223
196645
25505
48919
197520
