8447
1853
20940
32787
25467
16509
47147
5403
33891
39478
35339
2686
2635
8674
20751
12971
20562
5400
60517
29056
13064
8220
50782
31529
5588
29208
3320
28857
32934
57169
21360
49808
13101
62363
13237
50507
3330
20704
43848
21320
24940
8596
6939
25255
39912
31510
19551
28760
13030
62373
12401
8928
29545
13046
21013
16099
25447
8339
59890
34288
48943
16314
286
12453
39560
35369
16265
25575
6830
22822
28889
12605
50629
9009
6720
44765
51265
51184
8075
12577
31543
34772
47692
6798
197540
2906
57463
24953
1764
30971
10310
25011
44306
15702
34594
16276
201214
42
3856
39878
3216
7713
24864
48339
9002
6507
25152
12654
8445
31042
13004
1120
12895
9119
48362
34347
41491
44865
43061
6730
3303
34779
1257
8400
3212
8412
21385
8387
6663
46489
32590
702
8245
3209
3223
29287
43957
38955
29081
8218
