12552 20764
12552 51728
12552 702
12552 8075
12630 20764
12630 51728
12630 702
12630 8075
12659 20764
12659 51728
12659 702
12659 8075
13170 20764
13170 51728
13170 702
13170 8075
13335 20764
13335 51728
13335 702
13335 8075
1342 20764
1342 51728
1342 702
1342 8075
15830 20764
15830 51728
15830 702
15830 8075
16086 20764
16086 51728
16086 702
16086 8075
16302 20764
16302 51728
16302 702
16302 8075
1741 20764
1741 51728
1741 702
1741 8075
1759 20764
1759 51728
1759 702
1759 8075
202053 20764
202053 51728
202053 702
202053 8075
20569 20764
20569 51728
20569 702
20569 8075
20764 12552
20764 12630
20764 12659
20764 13170
20764 13335
20764 1342
20764 15830
20764 16086
20764 16302
20764 1741
20764 1759
20764 202053
20764 20569
20764 20904
20764 24751
20764 24940
20764 2906
20764 29422
20764 30798
20764 43558
20764 47605
20764 50108
20764 51473
20764 51728
20764 51935
20764 5400
20764 62022
20764 6667 
20764 6939
20764 702
20764 719
20764 8075
20764 8359
20904 20764
20904 51728
20904 702
20904 8075
24751 20764
24751 51728
24751 702
24751 8075
24940 20764
24940 51728
24940 702
24940 8075
2906 20764
2906 51728
2906 702
2906 8075
29422 20764
29422 51728
29422 702
29422 8075
30798 20764
30798 51728
30798 702
30798 8075
43558 20764
43558 51728
43558 702
43558 8075
47605 20764
47605 51728
47605 702
47605 8075
50108 20764
50108 51728
50108 702
50108 8075
51473 20764
51473 51728
51473 702
51473 8075
51728 12552
51728 12630
51728 12659
51728 13170
51728 13335
51728 1342
51728 15830
51728 16086
51728 16302
51728 1741
51728 1759
51728 202053
51728 20569
51728 20764
51728 20904
51728 24751
51728 24940
51728 2906
51728 29422
51728 30798
51728 43558
51728 47605
51728 50108
51728 51473
51728 51935
51728 5400
51728 62022
51728 6667 
51728 6939
51728 702
51728 719
51728 8075
51728 8359
51935 20764
51935 51728
51935 702
51935 8075
5400 20764
5400 51728
5400 702
5400 8075
62022 20764
62022 51728
62022 702
62022 8075
6667  20764
6667  51728
6667  702
6667  8075
6939 20764
6939 51728
6939 702
6939 8075
702 12552
702 12630
702 12659
702 13170
702 13335
702 1342
702 15830
702 16086
702 16302
702 1741
702 1759
702 202053
702 20569
702 20764
702 20904
702 24751
702 24940
702 2906
702 29422
702 30798
702 43558
702 47605
702 50108
702 51473
702 51728
702 51935
702 5400
702 62022
702 6667 
702 6939
702 719
702 8075
702 8359
719 20764
719 51728
719 702
719 8075
8075 12552
8075 12630
8075 12659
8075 13170
8075 13335
8075 1342
8075 15830
8075 16086
8075 16302
8075 1741
8075 1759
8075 202053
8075 20569
8075 20764
8075 20904
8075 24751
8075 24940
8075 2906
8075 29422
8075 30798
8075 43558
8075 47605
8075 50108
8075 51473
8075 51728
8075 51935
8075 5400
8075 62022
8075 6667 
8075 6939
8075 702
8075 719
8075 8359
8359 20764
8359 51728
8359 702
8359 8075
