1273 13285
1273 15830
1273 199121
1273 199659
1273 199775
1273 24482
1273 47622
1273 47869
1273 58226
1273 58273
1273 60610
1273 7713
13005 13285
13005 15830
13005 199121
13005 199659
13005 199775
13005 24482
13005 47622
13005 47869
13005 58226
13005 58273
13005 60610
13005 7713
13037 13285
13037 15830
13037 199121
13037 199659
13037 199775
13037 24482
13037 47622
13037 47869
13037 58226
13037 58273
13037 60610
13037 7713
 13285
13285 
13285 1273
13285 13005
13285 13037
13285 13335
13285 15692
13285 15766
13285 15830
13285 16353
13285 16509
13285 197529
13285 198426
13285 199121
13285 199330
13285 199468
13285 199516
13285 199659
13285 199706
13285 199775
13285 200083
13285 201798
13285 203568
13285 204558
13285 205892
13285 207195
13285 20860
13285 20940
13285 21267
13285 24482
13285 25178
13285 25376
13285 25460
13285 2818
13285 30740
13285 31472
13285 31631
13285 31655
13285 31727
13285 33920
13285 33941
13285 34066
13285 34119
13285 34934
13285 35425
13285 35575
13285 35838
13285 3856
13285 39326
13285 39537
13285 39545
13285 41000
13285 41230
13285 41357
13285 41495
13285 41811
13285 42
13285 42010
13285 42353
13285 42455
13285 42473
13285 42689
13285 43519
13285 43531
13285 43545
13285 44611
13285 47264
13285 47622
13285 47869
13285 49375
13285 50056
13285 5089
13285 51043
13285 5378
13285 5587
13285 56478
13285 56595
13285 57099
13285 57356
13285 58226
13285 58273
13285 60610
13285 61049
13285 61081
13285 6717
13285 6908
13285 6939
13285 714
13285 7713
13285 786
13285 8075
13285 8426
13285 8468
13285 8553
13285 8851
13285 9009
13335 13285
13335 15830
13335 199121
13335 199659
13335 199775
13335 24482
13335 47622
13335 47869
13335 58226
13335 58273
13335 60610
13335 7713
15692 13285
15692 15830
15692 199121
15692 199659
15692 199775
15692 24482
15692 47622
15692 47869
15692 58226
15692 58273
15692 60610
15692 7713
15766 13285
15766 15830
15766 199121
15766 199659
15766 199775
15766 24482
15766 47622
15766 47869
15766 58226
15766 58273
15766 60610
15766 7713
 15830
15830 
15830 1273
15830 13005
15830 13037
15830 13285
15830 13335
15830 15692
15830 15766
15830 16353
15830 16509
15830 197529
15830 198426
15830 199121
15830 199330
15830 199468
15830 199516
15830 199659
15830 199706
15830 199775
15830 200083
15830 201798
15830 203568
15830 204558
15830 205892
15830 207195
15830 20860
15830 20940
15830 21267
15830 24482
15830 25178
15830 25376
15830 25460
15830 2818
15830 30740
15830 31472
15830 31631
15830 31655
15830 31727
15830 33920
15830 33941
15830 34066
15830 34119
15830 34934
15830 35425
15830 35575
15830 35838
15830 3856
15830 39326
15830 39537
15830 39545
15830 41000
15830 41230
15830 41357
15830 41495
15830 41811
15830 42
15830 42010
15830 42353
15830 42455
15830 42473
15830 42689
15830 43519
15830 43531
15830 43545
15830 44611
15830 47264
15830 47622
15830 47869
15830 49375
15830 50056
15830 5089
15830 51043
15830 5378
15830 5587
15830 56478
15830 56595
15830 57099
15830 57356
15830 58226
15830 58273
15830 60610
15830 61049
15830 61081
15830 6717
15830 6908
15830 6939
15830 714
15830 7713
15830 786
15830 8075
15830 8426
15830 8468
15830 8553
15830 8851
15830 9009
16353 13285
16353 15830
16353 199121
16353 199659
16353 199775
16353 24482
16353 47622
16353 47869
16353 58226
16353 58273
16353 60610
16353 7713
16509 13285
16509 15830
16509 199121
16509 199659
16509 199775
16509 24482
16509 47622
16509 47869
16509 58226
16509 58273
16509 60610
16509 7713
197529 13285
197529 15830
197529 199121
197529 199659
197529 199775
197529 24482
197529 47622
197529 47869
197529 58226
197529 58273
197529 60610
197529 7713
198426 13285
198426 15830
198426 199121
198426 199659
198426 199775
198426 24482
198426 47622
198426 47869
198426 58226
198426 58273
198426 60610
198426 7713
 199121
199121 
199121 1273
199121 13005
199121 13037
199121 13285
199121 13335
199121 15692
199121 15766
199121 15830
199121 16353
199121 16509
199121 197529
199121 198426
199121 199330
199121 199468
199121 199516
199121 199659
199121 199706
199121 199775
199121 200083
199121 201798
199121 203568
199121 204558
199121 205892
199121 207195
199121 20860
199121 20940
199121 21267
199121 24482
199121 25178
199121 25376
199121 25460
199121 2818
199121 30740
199121 31472
199121 31631
199121 31655
199121 31727
199121 33920
199121 33941
199121 34066
199121 34119
199121 34934
199121 35425
199121 35575
199121 35838
199121 3856
199121 39326
199121 39537
199121 39545
199121 41000
199121 41230
199121 41357
199121 41495
199121 41811
199121 42
199121 42010
199121 42353
199121 42455
199121 42473
199121 42689
199121 43519
199121 43531
199121 43545
199121 44611
199121 47264
199121 47622
199121 47869
199121 49375
199121 50056
199121 5089
199121 51043
199121 5378
199121 5587
199121 56478
199121 56595
199121 57099
199121 57356
199121 58226
199121 58273
199121 60610
199121 61049
199121 61081
199121 6717
199121 6908
199121 6939
199121 714
199121 7713
199121 786
199121 8075
199121 8426
199121 8468
199121 8553
199121 8851
199121 9009
199330 13285
199330 15830
199330 199121
199330 199659
199330 199775
199330 24482
199330 47622
199330 47869
199330 58226
199330 58273
199330 60610
199330 7713
199468 13285
199468 15830
199468 199121
199468 199659
199468 199775
199468 24482
199468 47622
199468 47869
199468 58226
199468 58273
199468 60610
199468 7713
199516 13285
199516 15830
199516 199121
199516 199659
199516 199775
199516 24482
199516 47622
199516 47869
199516 58226
199516 58273
199516 60610
199516 7713
 199659
199659 
199659 1273
199659 13005
199659 13037
199659 13285
199659 13335
199659 15692
199659 15766
199659 15830
199659 16353
199659 16509
199659 197529
199659 198426
199659 199121
199659 199330
199659 199468
199659 199516
199659 199706
199659 199775
199659 200083
199659 201798
199659 203568
199659 204558
199659 205892
199659 207195
199659 20860
199659 20940
199659 21267
199659 24482
199659 25178
199659 25376
199659 25460
199659 2818
199659 30740
199659 31472
199659 31631
199659 31655
199659 31727
199659 33920
199659 33941
199659 34066
199659 34119
199659 34934
199659 35425
199659 35575
199659 35838
199659 3856
199659 39326
199659 39537
199659 39545
199659 41000
199659 41230
199659 41357
199659 41495
199659 41811
199659 42
199659 42010
199659 42353
199659 42455
199659 42473
199659 42689
199659 43519
199659 43531
199659 43545
199659 44611
199659 47264
199659 47622
199659 47869
199659 49375
199659 50056
199659 5089
199659 51043
199659 5378
199659 5587
199659 56478
199659 56595
199659 57099
199659 57356
199659 58226
199659 58273
199659 60610
199659 61049
199659 61081
199659 6717
199659 6908
199659 6939
199659 714
199659 7713
199659 786
199659 8075
199659 8426
199659 8468
199659 8553
199659 8851
199659 9009
199706 13285
199706 15830
199706 199121
199706 199659
199706 199775
199706 24482
199706 47622
199706 47869
199706 58226
199706 58273
199706 60610
199706 7713
 199775
199775 
199775 1273
199775 13005
199775 13037
199775 13285
199775 13335
199775 15692
199775 15766
199775 15830
199775 16353
199775 16509
199775 197529
199775 198426
199775 199121
199775 199330
199775 199468
199775 199516
199775 199659
199775 199706
199775 200083
199775 201798
199775 203568
199775 204558
199775 205892
199775 207195
199775 20860
199775 20940
199775 21267
199775 24482
199775 25178
199775 25376
199775 25460
199775 2818
199775 30740
199775 31472
199775 31631
199775 31655
199775 31727
199775 33920
199775 33941
199775 34066
199775 34119
199775 34934
199775 35425
199775 35575
199775 35838
199775 3856
199775 39326
199775 39537
199775 39545
199775 41000
199775 41230
199775 41357
199775 41495
199775 41811
199775 42
199775 42010
199775 42353
199775 42455
199775 42473
199775 42689
199775 43519
199775 43531
199775 43545
199775 44611
199775 47264
199775 47622
199775 47869
199775 49375
199775 50056
199775 5089
199775 51043
199775 5378
199775 5587
199775 56478
199775 56595
199775 57099
199775 57356
199775 58226
199775 58273
199775 60610
199775 61049
199775 61081
199775 6717
199775 6908
199775 6939
199775 714
199775 7713
199775 786
199775 8075
199775 8426
199775 8468
199775 8553
199775 8851
199775 9009
200083 13285
200083 15830
200083 199121
200083 199659
200083 199775
200083 24482
200083 47622
200083 47869
200083 58226
200083 58273
200083 60610
200083 7713
201798 13285
201798 15830
201798 199121
201798 199659
201798 199775
201798 24482
201798 47622
201798 47869
201798 58226
201798 58273
201798 60610
201798 7713
203568 13285
203568 15830
203568 199121
203568 199659
203568 199775
203568 24482
203568 47622
203568 47869
203568 58226
203568 58273
203568 60610
203568 7713
204558 13285
204558 15830
204558 199121
204558 199659
204558 199775
204558 24482
204558 47622
204558 47869
204558 58226
204558 58273
204558 60610
204558 7713
205892 13285
205892 15830
205892 199121
205892 199659
205892 199775
205892 24482
205892 47622
205892 47869
205892 58226
205892 58273
205892 60610
205892 7713
207195 13285
207195 15830
207195 199121
207195 199659
207195 199775
207195 24482
207195 47622
207195 47869
207195 58226
207195 58273
207195 60610
207195 7713
20860 13285
20860 15830
20860 199121
20860 199659
20860 199775
20860 24482
20860 47622
20860 47869
20860 58226
20860 58273
20860 60610
20860 7713
20940 13285
20940 15830
20940 199121
20940 199659
20940 199775
20940 24482
20940 47622
20940 47869
20940 58226
20940 58273
20940 60610
20940 7713
21267 13285
21267 15830
21267 199121
21267 199659
21267 199775
21267 24482
21267 47622
21267 47869
21267 58226
21267 58273
21267 60610
21267 7713
 24482
24482 
24482 1273
24482 13005
24482 13037
24482 13285
24482 13335
24482 15692
24482 15766
24482 15830
24482 16353
24482 16509
24482 197529
24482 198426
24482 199121
24482 199330
24482 199468
24482 199516
24482 199659
24482 199706
24482 199775
24482 200083
24482 201798
24482 203568
24482 204558
24482 205892
24482 207195
24482 20860
24482 20940
24482 21267
24482 25178
24482 25376
24482 25460
24482 2818
24482 30740
24482 31472
24482 31631
24482 31655
24482 31727
24482 33920
24482 33941
24482 34066
24482 34119
24482 34934
24482 35425
24482 35575
24482 35838
24482 3856
24482 39326
24482 39537
24482 39545
24482 41000
24482 41230
24482 41357
24482 41495
24482 41811
24482 42
24482 42010
24482 42353
24482 42455
24482 42473
24482 42689
24482 43519
24482 43531
24482 43545
24482 44611
24482 47264
24482 47622
24482 47869
24482 49375
24482 50056
24482 5089
24482 51043
24482 5378
24482 5587
24482 56478
24482 56595
24482 57099
24482 57356
24482 58226
24482 58273
24482 60610
24482 61049
24482 61081
24482 6717
24482 6908
24482 6939
24482 714
24482 7713
24482 786
24482 8075
24482 8426
24482 8468
24482 8553
24482 8851
24482 9009
25178 13285
25178 15830
25178 199121
25178 199659
25178 199775
25178 24482
25178 47622
25178 47869
25178 58226
25178 58273
25178 60610
25178 7713
25376 13285
25376 15830
25376 199121
25376 199659
25376 199775
25376 24482
25376 47622
25376 47869
25376 58226
25376 58273
25376 60610
25376 7713
25460 13285
25460 15830
25460 199121
25460 199659
25460 199775
25460 24482
25460 47622
25460 47869
25460 58226
25460 58273
25460 60610
25460 7713
2818 13285
2818 15830
2818 199121
2818 199659
2818 199775
2818 24482
2818 47622
2818 47869
2818 58226
2818 58273
2818 60610
2818 7713
30740 13285
30740 15830
30740 199121
30740 199659
30740 199775
30740 24482
30740 47622
30740 47869
30740 58226
30740 58273
30740 60610
30740 7713
31472 13285
31472 15830
31472 199121
31472 199659
31472 199775
31472 24482
31472 47622
31472 47869
31472 58226
31472 58273
31472 60610
31472 7713
31631 13285
31631 15830
31631 199121
31631 199659
31631 199775
31631 24482
31631 47622
31631 47869
31631 58226
31631 58273
31631 60610
31631 7713
31655 13285
31655 15830
31655 199121
31655 199659
31655 199775
31655 24482
31655 47622
31655 47869
31655 58226
31655 58273
31655 60610
31655 7713
31727 13285
31727 15830
31727 199121
31727 199659
31727 199775
31727 24482
31727 47622
31727 47869
31727 58226
31727 58273
31727 60610
31727 7713
33920 13285
33920 15830
33920 199121
33920 199659
33920 199775
33920 24482
33920 47622
33920 47869
33920 58226
33920 58273
33920 60610
33920 7713
33941 13285
33941 15830
33941 199121
33941 199659
33941 199775
33941 24482
33941 47622
33941 47869
33941 58226
33941 58273
33941 60610
33941 7713
34066 13285
34066 15830
34066 199121
34066 199659
34066 199775
34066 24482
34066 47622
34066 47869
34066 58226
34066 58273
34066 60610
34066 7713
34119 13285
34119 15830
34119 199121
34119 199659
34119 199775
34119 24482
34119 47622
34119 47869
34119 58226
34119 58273
34119 60610
34119 7713
34934 13285
34934 15830
34934 199121
34934 199659
34934 199775
34934 24482
34934 47622
34934 47869
34934 58226
34934 58273
34934 60610
34934 7713
35425 13285
35425 15830
35425 199121
35425 199659
35425 199775
35425 24482
35425 47622
35425 47869
35425 58226
35425 58273
35425 60610
35425 7713
35575 13285
35575 15830
35575 199121
35575 199659
35575 199775
35575 24482
35575 47622
35575 47869
35575 58226
35575 58273
35575 60610
35575 7713
35838 13285
35838 15830
35838 199121
35838 199659
35838 199775
35838 24482
35838 47622
35838 47869
35838 58226
35838 58273
35838 60610
35838 7713
3856 13285
3856 15830
3856 199121
3856 199659
3856 199775
3856 24482
3856 47622
3856 47869
3856 58226
3856 58273
3856 60610
3856 7713
39326 13285
39326 15830
39326 199121
39326 199659
39326 199775
39326 24482
39326 47622
39326 47869
39326 58226
39326 58273
39326 60610
39326 7713
39537 13285
39537 15830
39537 199121
39537 199659
39537 199775
39537 24482
39537 47622
39537 47869
39537 58226
39537 58273
39537 60610
39537 7713
39545 13285
39545 15830
39545 199121
39545 199659
39545 199775
39545 24482
39545 47622
39545 47869
39545 58226
39545 58273
39545 60610
39545 7713
41000 13285
41000 15830
41000 199121
41000 199659
41000 199775
41000 24482
41000 47622
41000 47869
41000 58226
41000 58273
41000 60610
41000 7713
41230 13285
41230 15830
41230 199121
41230 199659
41230 199775
41230 24482
41230 47622
41230 47869
41230 58226
41230 58273
41230 60610
41230 7713
41357 13285
41357 15830
41357 199121
41357 199659
41357 199775
41357 24482
41357 47622
41357 47869
41357 58226
41357 58273
41357 60610
41357 7713
41495 13285
41495 15830
41495 199121
41495 199659
41495 199775
41495 24482
41495 47622
41495 47869
41495 58226
41495 58273
41495 60610
41495 7713
41811 13285
41811 15830
41811 199121
41811 199659
41811 199775
41811 24482
41811 47622
41811 47869
41811 58226
41811 58273
41811 60610
41811 7713
42010 13285
42010 15830
42010 199121
42010 199659
42010 199775
42010 24482
42010 47622
42010 47869
42010 58226
42010 58273
42010 60610
42010 7713
42 13285
42 15830
42 199121
42 199659
42 199775
42 24482
42353 13285
42353 15830
42353 199121
42353 199659
42353 199775
42353 24482
42353 47622
42353 47869
42353 58226
42353 58273
42353 60610
42353 7713
42455 13285
42455 15830
42455 199121
42455 199659
42455 199775
42455 24482
42455 47622
42455 47869
42455 58226
42455 58273
42455 60610
42455 7713
42473 13285
42473 15830
42473 199121
42473 199659
42473 199775
42473 24482
42473 47622
42473 47869
42473 58226
42473 58273
42473 60610
42473 7713
42 47622
42 47869
42 58226
42 58273
42 60610
42689 13285
42689 15830
42689 199121
42689 199659
42689 199775
42689 24482
42689 47622
42689 47869
42689 58226
42689 58273
42689 60610
42689 7713
42 7713
43519 13285
43519 15830
43519 199121
43519 199659
43519 199775
43519 24482
43519 47622
43519 47869
43519 58226
43519 58273
43519 60610
43519 7713
43531 13285
43531 15830
43531 199121
43531 199659
43531 199775
43531 24482
43531 47622
43531 47869
43531 58226
43531 58273
43531 60610
43531 7713
43545 13285
43545 15830
43545 199121
43545 199659
43545 199775
43545 24482
43545 47622
43545 47869
43545 58226
43545 58273
43545 60610
43545 7713
44611 13285
44611 15830
44611 199121
44611 199659
44611 199775
44611 24482
44611 47622
44611 47869
44611 58226
44611 58273
44611 60610
44611 7713
47264 13285
47264 15830
47264 199121
47264 199659
47264 199775
47264 24482
47264 47622
47264 47869
47264 58226
47264 58273
47264 60610
47264 7713
 47622
47622 
47622 1273
47622 13005
47622 13037
47622 13285
47622 13335
47622 15692
47622 15766
47622 15830
47622 16353
47622 16509
47622 197529
47622 198426
47622 199121
47622 199330
47622 199468
47622 199516
47622 199659
47622 199706
47622 199775
47622 200083
47622 201798
47622 203568
47622 204558
47622 205892
47622 207195
47622 20860
47622 20940
47622 21267
47622 24482
47622 25178
47622 25376
47622 25460
47622 2818
47622 30740
47622 31472
47622 31631
47622 31655
47622 31727
47622 33920
47622 33941
47622 34066
47622 34119
47622 34934
47622 35425
47622 35575
47622 35838
47622 3856
47622 39326
47622 39537
47622 39545
47622 41000
47622 41230
47622 41357
47622 41495
47622 41811
47622 42
47622 42010
47622 42353
47622 42455
47622 42473
47622 42689
47622 43519
47622 43531
47622 43545
47622 44611
47622 47264
47622 47869
47622 49375
47622 50056
47622 5089
47622 51043
47622 5378
47622 5587
47622 56478
47622 56595
47622 57099
47622 57356
47622 58226
47622 58273
47622 60610
47622 61049
47622 61081
47622 6717
47622 6908
47622 6939
47622 714
47622 7713
47622 786
47622 8075
47622 8426
47622 8468
47622 8553
47622 8851
47622 9009
 47869
47869 
47869 1273
47869 13005
47869 13037
47869 13285
47869 13335
47869 15692
47869 15766
47869 15830
47869 16353
47869 16509
47869 197529
47869 198426
47869 199121
47869 199330
47869 199468
47869 199516
47869 199659
47869 199706
47869 199775
47869 200083
47869 201798
47869 203568
47869 204558
47869 205892
47869 207195
47869 20860
47869 20940
47869 21267
47869 24482
47869 25178
47869 25376
47869 25460
47869 2818
47869 30740
47869 31472
47869 31631
47869 31655
47869 31727
47869 33920
47869 33941
47869 34066
47869 34119
47869 34934
47869 35425
47869 35575
47869 35838
47869 3856
47869 39326
47869 39537
47869 39545
47869 41000
47869 41230
47869 41357
47869 41495
47869 41811
47869 42
47869 42010
47869 42353
47869 42455
47869 42473
47869 42689
47869 43519
47869 43531
47869 43545
47869 44611
47869 47264
47869 47622
47869 49375
47869 50056
47869 5089
47869 51043
47869 5378
47869 5587
47869 56478
47869 56595
47869 57099
47869 57356
47869 58226
47869 58273
47869 60610
47869 61049
47869 61081
47869 6717
47869 6908
47869 6939
47869 714
47869 7713
47869 786
47869 8075
47869 8426
47869 8468
47869 8553
47869 8851
47869 9009
49375 13285
49375 15830
49375 199121
49375 199659
49375 199775
49375 24482
49375 47622
49375 47869
49375 58226
49375 58273
49375 60610
49375 7713
50056 13285
50056 15830
50056 199121
50056 199659
50056 199775
50056 24482
50056 47622
50056 47869
50056 58226
50056 58273
50056 60610
50056 7713
5089 13285
5089 15830
5089 199121
5089 199659
5089 199775
5089 24482
5089 47622
5089 47869
5089 58226
5089 58273
5089 60610
5089 7713
51043 13285
51043 15830
51043 199121
51043 199659
51043 199775
51043 24482
51043 47622
51043 47869
51043 58226
51043 58273
51043 60610
51043 7713
5378 13285
5378 15830
5378 199121
5378 199659
5378 199775
5378 24482
5378 47622
5378 47869
5378 58226
5378 58273
5378 60610
5378 7713
5587 13285
5587 15830
5587 199121
5587 199659
5587 199775
5587 24482
5587 47622
5587 47869
5587 58226
5587 58273
5587 60610
5587 7713
56478 13285
56478 15830
56478 199121
56478 199659
56478 199775
56478 24482
56478 47622
56478 47869
56478 58226
56478 58273
56478 60610
56478 7713
56595 13285
56595 15830
56595 199121
56595 199659
56595 199775
56595 24482
56595 47622
56595 47869
56595 58226
56595 58273
56595 60610
56595 7713
57099 13285
57099 15830
57099 199121
57099 199659
57099 199775
57099 24482
57099 47622
57099 47869
57099 58226
57099 58273
57099 60610
57099 7713
57356 13285
57356 15830
57356 199121
57356 199659
57356 199775
57356 24482
57356 47622
57356 47869
57356 58226
57356 58273
57356 60610
57356 7713
 58226
58226 
58226 1273
58226 13005
58226 13037
58226 13285
58226 13335
58226 15692
58226 15766
58226 15830
58226 16353
58226 16509
58226 197529
58226 198426
58226 199121
58226 199330
58226 199468
58226 199516
58226 199659
58226 199706
58226 199775
58226 200083
58226 201798
58226 203568
58226 204558
58226 205892
58226 207195
58226 20860
58226 20940
58226 21267
58226 24482
58226 25178
58226 25376
58226 25460
58226 2818
58226 30740
58226 31472
58226 31631
58226 31655
58226 31727
58226 33920
58226 33941
58226 34066
58226 34119
58226 34934
58226 35425
58226 35575
58226 35838
58226 3856
58226 39326
58226 39537
58226 39545
58226 41000
58226 41230
58226 41357
58226 41495
58226 41811
58226 42
58226 42010
58226 42353
58226 42455
58226 42473
58226 42689
58226 43519
58226 43531
58226 43545
58226 44611
58226 47264
58226 47622
58226 47869
58226 49375
58226 50056
58226 5089
58226 51043
58226 5378
58226 5587
58226 56478
58226 56595
58226 57099
58226 57356
58226 58273
58226 60610
58226 61049
58226 61081
58226 6717
58226 6908
58226 6939
58226 714
58226 7713
58226 786
58226 8075
58226 8426
58226 8468
58226 8553
58226 8851
58226 9009
 58273
58273 
58273 1273
58273 13005
58273 13037
58273 13285
58273 13335
58273 15692
58273 15766
58273 15830
58273 16353
58273 16509
58273 197529
58273 198426
58273 199121
58273 199330
58273 199468
58273 199516
58273 199659
58273 199706
58273 199775
58273 200083
58273 201798
58273 203568
58273 204558
58273 205892
58273 207195
58273 20860
58273 20940
58273 21267
58273 24482
58273 25178
58273 25376
58273 25460
58273 2818
58273 30740
58273 31472
58273 31631
58273 31655
58273 31727
58273 33920
58273 33941
58273 34066
58273 34119
58273 34934
58273 35425
58273 35575
58273 35838
58273 3856
58273 39326
58273 39537
58273 39545
58273 41000
58273 41230
58273 41357
58273 41495
58273 41811
58273 42
58273 42010
58273 42353
58273 42455
58273 42473
58273 42689
58273 43519
58273 43531
58273 43545
58273 44611
58273 47264
58273 47622
58273 47869
58273 49375
58273 50056
58273 5089
58273 51043
58273 5378
58273 5587
58273 56478
58273 56595
58273 57099
58273 57356
58273 58226
58273 60610
58273 61049
58273 61081
58273 6717
58273 6908
58273 6939
58273 714
58273 7713
58273 786
58273 8075
58273 8426
58273 8468
58273 8553
58273 8851
58273 9009
 60610
60610 
60610 1273
60610 13005
60610 13037
60610 13285
60610 13335
60610 15692
60610 15766
60610 15830
60610 16353
60610 16509
60610 197529
60610 198426
60610 199121
60610 199330
60610 199468
60610 199516
60610 199659
60610 199706
60610 199775
60610 200083
60610 201798
60610 203568
60610 204558
60610 205892
60610 207195
60610 20860
60610 20940
60610 21267
60610 24482
60610 25178
60610 25376
60610 25460
60610 2818
60610 30740
60610 31472
60610 31631
60610 31655
60610 31727
60610 33920
60610 33941
60610 34066
60610 34119
60610 34934
60610 35425
60610 35575
60610 35838
60610 3856
60610 39326
60610 39537
60610 39545
60610 41000
60610 41230
60610 41357
60610 41495
60610 41811
60610 42
60610 42010
60610 42353
60610 42455
60610 42473
60610 42689
60610 43519
60610 43531
60610 43545
60610 44611
60610 47264
60610 47622
60610 47869
60610 49375
60610 50056
60610 5089
60610 51043
60610 5378
60610 5587
60610 56478
60610 56595
60610 57099
60610 57356
60610 58226
60610 58273
60610 61049
60610 61081
60610 6717
60610 6908
60610 6939
60610 714
60610 7713
60610 786
60610 8075
60610 8426
60610 8468
60610 8553
60610 8851
60610 9009
61049 13285
61049 15830
61049 199121
61049 199659
61049 199775
61049 24482
61049 47622
61049 47869
61049 58226
61049 58273
61049 60610
61049 7713
61081 13285
61081 15830
61081 199121
61081 199659
61081 199775
61081 24482
61081 47622
61081 47869
61081 58226
61081 58273
61081 60610
61081 7713
6717 13285
6717 15830
6717 199121
6717 199659
6717 199775
6717 24482
6717 47622
6717 47869
6717 58226
6717 58273
6717 60610
6717 7713
6908 13285
6908 15830
6908 199121
6908 199659
6908 199775
6908 24482
6908 47622
6908 47869
6908 58226
6908 58273
6908 60610
6908 7713
6939 13285
6939 15830
6939 199121
6939 199659
6939 199775
6939 24482
6939 47622
6939 47869
6939 58226
6939 58273
6939 60610
6939 7713
714 13285
714 15830
714 199121
714 199659
714 199775
714 24482
714 47622
714 47869
714 58226
714 58273
714 60610
714 7713
 7713
7713 
7713 1273
7713 13005
7713 13037
7713 13285
7713 13335
7713 15692
7713 15766
7713 15830
7713 16353
7713 16509
7713 197529
7713 198426
7713 199121
7713 199330
7713 199468
7713 199516
7713 199659
7713 199706
7713 199775
7713 200083
7713 201798
7713 203568
7713 204558
7713 205892
7713 207195
7713 20860
7713 20940
7713 21267
7713 24482
7713 25178
7713 25376
7713 25460
7713 2818
7713 30740
7713 31472
7713 31631
7713 31655
7713 31727
7713 33920
7713 33941
7713 34066
7713 34119
7713 34934
7713 35425
7713 35575
7713 35838
7713 3856
7713 39326
7713 39537
7713 39545
7713 41000
7713 41230
7713 41357
7713 41495
7713 41811
7713 42
7713 42010
7713 42353
7713 42455
7713 42473
7713 42689
7713 43519
7713 43531
7713 43545
7713 44611
7713 47264
7713 47622
7713 47869
7713 49375
7713 50056
7713 5089
7713 51043
7713 5378
7713 5587
7713 56478
7713 56595
7713 57099
7713 57356
7713 58226
7713 58273
7713 60610
7713 61049
7713 61081
7713 6717
7713 6908
7713 6939
7713 714
7713 786
7713 8075
7713 8426
7713 8468
7713 8553
7713 8851
7713 9009
786 13285
786 15830
786 199121
786 199659
786 199775
786 24482
786 47622
786 47869
786 58226
786 58273
786 60610
786 7713
8075 13285
8075 15830
8075 199121
8075 199659
8075 199775
8075 24482
8075 47622
8075 47869
8075 58226
8075 58273
8075 60610
8075 7713
8426 13285
8426 15830
8426 199121
8426 199659
8426 199775
8426 24482
8426 47622
8426 47869
8426 58226
8426 58273
8426 60610
8426 7713
8468 13285
8468 15830
8468 199121
8468 199659
8468 199775
8468 24482
8468 47622
8468 47869
8468 58226
8468 58273
8468 60610
8468 7713
8553 13285
8553 15830
8553 199121
8553 199659
8553 199775
8553 24482
8553 47622
8553 47869
8553 58226
8553 58273
8553 60610
8553 7713
8851 13285
8851 15830
8851 199121
8851 199659
8851 199775
8851 24482
8851 47622
8851 47869
8851 58226
8851 58273
8851 60610
8851 7713
9009 13285
9009 15830
9009 199121
9009 199659
9009 199775
9009 24482
9009 47622
9009 47869
9009 58226
9009 58273
9009 60610
9009 7713
