10310 13285
10310 15547
10310 199121
10310 20940
10310 25178
10310 25180
10310 43531
10310 5413
10310 7363
12083 13285
12083 15547
12083 199121
12083 20940
12083 25178
12083 25180
12083 43531
12083 5413
12083 7363
12200 13285
12200 15547
12200 199121
12200 20940
12200 25178
12200 25180
12200 43531
12200 5413
12200 7363
13285 10310
13285 12083
13285 12200
13285 13335
13285 13360
13285 15169
13285 15547
13285 16265
13285 16509
13285 199121
13285 19919
13285 20940
13285 21859
13285 22822
13285 22925
13285 25178
13285 25180
13285 26282
13285 26415
13285 27630
13285 32425
13285 3292
13285 32934
13285 36351
13285 3856
13285 39537
13285 42
13285 43519
13285 43531
13285 43996
13285 44444
13285 46450
13285 49544
13285 51468
13285 5413
13285 61323
13285 6169
13285 62597
13285 62955
13285 64252
13285 6461
13285 6507
13285 6939
13285 7155
13285 7363
13335 13285
13335 15547
13335 199121
13335 20940
13335 25178
13335 25180
13335 43531
13335 5413
13335 7363
13360 13285
13360 15547
13360 199121
13360 20940
13360 25178
13360 25180
13360 43531
13360 5413
13360 7363
15169 13285
15169 15547
15169 199121
15169 20940
15169 25178
15169 25180
15169 43531
15169 5413
15169 7363
15547 10310
15547 12083
15547 12200
15547 13285
15547 13335
15547 13360
15547 15169
15547 16265
15547 16509
15547 199121
15547 19919
15547 20940
15547 21859
15547 22822
15547 22925
15547 25178
15547 25180
15547 26282
15547 26415
15547 27630
15547 32425
15547 3292
15547 32934
15547 36351
15547 3856
15547 39537
15547 42
15547 43519
15547 43531
15547 43996
15547 44444
15547 46450
15547 49544
15547 51468
15547 5413
15547 61323
15547 6169
15547 62597
15547 62955
15547 64252
15547 6461
15547 6507
15547 6939
15547 7155
15547 7363
16265 13285
16265 15547
16265 199121
16265 20940
16265 25178
16265 25180
16265 43531
16265 5413
16265 7363
16509 13285
16509 15547
16509 199121
16509 20940
16509 25178
16509 25180
16509 43531
16509 5413
16509 7363
199121 10310
199121 12083
199121 12200
199121 13285
199121 13335
199121 13360
199121 15169
199121 15547
199121 16265
199121 16509
199121 19919
199121 20940
199121 21859
199121 22822
199121 22925
199121 25178
199121 25180
199121 26282
199121 26415
199121 27630
199121 32425
199121 3292
199121 32934
199121 36351
199121 3856
199121 39537
199121 42
199121 43519
199121 43531
199121 43996
199121 44444
199121 46450
199121 49544
199121 51468
199121 5413
199121 61323
199121 6169
199121 62597
199121 62955
199121 64252
199121 6461
199121 6507
199121 6939
199121 7155
199121 7363
19919 13285
19919 15547
19919 199121
19919 20940
19919 25178
19919 25180
19919 43531
19919 5413
19919 7363
20940 10310
20940 12083
20940 12200
20940 13285
20940 13335
20940 13360
20940 15169
20940 15547
20940 16265
20940 16509
20940 199121
20940 19919
20940 21859
20940 22822
20940 22925
20940 25178
20940 25180
20940 26282
20940 26415
20940 27630
20940 32425
20940 3292
20940 32934
20940 36351
20940 3856
20940 39537
20940 42
20940 43519
20940 43531
20940 43996
20940 44444
20940 46450
20940 49544
20940 51468
20940 5413
20940 61323
20940 6169
20940 62597
20940 62955
20940 64252
20940 6461
20940 6507
20940 6939
20940 7155
20940 7363
21859 13285
21859 15547
21859 199121
21859 20940
21859 25178
21859 25180
21859 43531
21859 5413
21859 7363
22822 13285
22822 15547
22822 199121
22822 20940
22822 25178
22822 25180
22822 43531
22822 5413
22822 7363
22925 13285
22925 15547
22925 199121
22925 20940
22925 25178
22925 25180
22925 43531
22925 5413
22925 7363
25178 10310
25178 12083
25178 12200
25178 13285
25178 13335
25178 13360
25178 15169
25178 15547
25178 16265
25178 16509
25178 199121
25178 19919
25178 20940
25178 21859
25178 22822
25178 22925
25178 25180
25178 26282
25178 26415
25178 27630
25178 32425
25178 3292
25178 32934
25178 36351
25178 3856
25178 39537
25178 42
25178 43519
25178 43531
25178 43996
25178 44444
25178 46450
25178 49544
25178 51468
25178 5413
25178 61323
25178 6169
25178 62597
25178 62955
25178 64252
25178 6461
25178 6507
25178 6939
25178 7155
25178 7363
25180 10310
25180 12083
25180 12200
25180 13285
25180 13335
25180 13360
25180 15169
25180 15547
25180 16265
25180 16509
25180 199121
25180 19919
25180 20940
25180 21859
25180 22822
25180 22925
25180 25178
25180 26282
25180 26415
25180 27630
25180 32425
25180 3292
25180 32934
25180 36351
25180 3856
25180 39537
25180 42
25180 43519
25180 43531
25180 43996
25180 44444
25180 46450
25180 49544
25180 51468
25180 5413
25180 61323
25180 6169
25180 62597
25180 62955
25180 64252
25180 6461
25180 6507
25180 6939
25180 7155
25180 7363
26282 13285
26282 15547
26282 199121
26282 20940
26282 25178
26282 25180
26282 43531
26282 5413
26282 7363
26415 13285
26415 15547
26415 199121
26415 20940
26415 25178
26415 25180
26415 43531
26415 5413
26415 7363
27630 13285
27630 15547
27630 199121
27630 20940
27630 25178
27630 25180
27630 43531
27630 5413
27630 7363
32425 13285
32425 15547
32425 199121
32425 20940
32425 25178
32425 25180
32425 43531
32425 5413
32425 7363
3292 13285
3292 15547
3292 199121
3292 20940
3292 25178
3292 25180
3292 43531
3292 5413
3292 7363
32934 13285
32934 15547
32934 199121
32934 20940
32934 25178
32934 25180
32934 43531
32934 5413
32934 7363
36351 13285
36351 15547
36351 199121
36351 20940
36351 25178
36351 25180
36351 43531
36351 5413
36351 7363
3856 13285
3856 15547
3856 199121
3856 20940
3856 25178
3856 25180
3856 43531
3856 5413
3856 7363
39537 13285
39537 15547
39537 199121
39537 20940
39537 25178
39537 25180
39537 43531
39537 5413
39537 7363
42 13285
42 15547
42 199121
42 20940
42 25178
42 25180
42 43531
42 5413
42 7363
43519 13285
43519 15547
43519 199121
43519 20940
43519 25178
43519 25180
43519 43531
43519 5413
43519 7363
43531 10310
43531 12083
43531 12200
43531 13285
43531 13335
43531 13360
43531 15169
43531 15547
43531 16265
43531 16509
43531 199121
43531 19919
43531 20940
43531 21859
43531 22822
43531 22925
43531 25178
43531 25180
43531 26282
43531 26415
43531 27630
43531 32425
43531 3292
43531 32934
43531 36351
43531 3856
43531 39537
43531 42
43531 43519
43531 43996
43531 44444
43531 46450
43531 49544
43531 51468
43531 5413
43531 61323
43531 6169
43531 62597
43531 62955
43531 64252
43531 6461
43531 6507
43531 6939
43531 7155
43531 7363
43996 13285
43996 15547
43996 199121
43996 20940
43996 25178
43996 25180
43996 43531
43996 5413
43996 7363
44444 13285
44444 15547
44444 199121
44444 20940
44444 25178
44444 25180
44444 43531
44444 5413
44444 7363
46450 13285
46450 15547
46450 199121
46450 20940
46450 25178
46450 25180
46450 43531
46450 5413
46450 7363
49544 13285
49544 15547
49544 199121
49544 20940
49544 25178
49544 25180
49544 43531
49544 5413
49544 7363
51468 13285
51468 15547
51468 199121
51468 20940
51468 25178
51468 25180
51468 43531
51468 5413
51468 7363
5413 10310
5413 12083
5413 12200
5413 13285
5413 13335
5413 13360
5413 15169
5413 15547
5413 16265
5413 16509
5413 199121
5413 19919
5413 20940
5413 21859
5413 22822
5413 22925
5413 25178
5413 25180
5413 26282
5413 26415
5413 27630
5413 32425
5413 3292
5413 32934
5413 36351
5413 3856
5413 39537
5413 42
5413 43519
5413 43531
5413 43996
5413 44444
5413 46450
5413 49544
5413 51468
5413 61323
5413 6169
5413 62597
5413 62955
5413 64252
5413 6461
5413 6507
5413 6939
5413 7155
5413 7363
61323 13285
61323 15547
61323 199121
61323 20940
61323 25178
61323 25180
61323 43531
61323 5413
61323 7363
6169 13285
6169 15547
6169 199121
6169 20940
6169 25178
6169 25180
6169 43531
6169 5413
6169 7363
62597 13285
62597 15547
62597 199121
62597 20940
62597 25178
62597 25180
62597 43531
62597 5413
62597 7363
62955 13285
62955 15547
62955 199121
62955 20940
62955 25178
62955 25180
62955 43531
62955 5413
62955 7363
64252 13285
64252 15547
64252 199121
64252 20940
64252 25178
64252 25180
64252 43531
64252 5413
64252 7363
6461 13285
6461 15547
6461 199121
6461 20940
6461 25178
6461 25180
6461 43531
6461 5413
6461 7363
6507 13285
6507 15547
6507 199121
6507 20940
6507 25178
6507 25180
6507 43531
6507 5413
6507 7363
6939 13285
6939 15547
6939 199121
6939 20940
6939 25178
6939 25180
6939 43531
6939 5413
6939 7363
7155 13285
7155 15547
7155 199121
7155 20940
7155 25178
7155 25180
7155 43531
7155 5413
7155 7363
7363 10310
7363 12083
7363 12200
7363 13285
7363 13335
7363 13360
7363 15169
7363 15547
7363 16265
7363 16509
7363 199121
7363 19919
7363 20940
7363 21859
7363 22822
7363 22925
7363 25178
7363 25180
7363 26282
7363 26415
7363 27630
7363 32425
7363 3292
7363 32934
7363 36351
7363 3856
7363 39537
7363 42
7363 43519
7363 43531
7363 43996
7363 44444
7363 46450
7363 49544
7363 51468
7363 5413
7363 61323
7363 6169
7363 62597
7363 62955
7363 64252
7363 6461
7363 6507
7363 6939
7363 7155
