10024 131744
10024 23944
10024 24088
10024 24538
10024 44356
10024 55818
10024 59318
10024 62014
10310 131744
10310 23944
10310 24088
10310 24538
10310 44356
10310 55818
10310 59318
10310 62014
13150 131744
13150 23944
13150 24088
13150 24538
13150 44356
13150 55818
13150 59318
13150 62014 
131744 10024
131744 10310
131744 13150
131744 132132
131744 132696
131744 132816
131744 132837
131744 13335
131744 133535
131744 134078
131744 134171
131744 134663
131744 134835
131744 135278
131744 135365
131744 136168
131744 136764
131744 136838
131744 136945
131744 14061
131744 15169
131744 15224
131744 16265
131744 16276
131744 16509
131744 17547
131744 18106
131744 18403
131744 19679
131744 19807
131744 20940
131744 23576
131744 23855
131744 23944
131744 23947
131744 24088
131744 24482
131744 24538
131744 2518
131744 26415
131744 2906
131744 29606
131744 29791
131744 32590
131744 32934
131744 3303
131744 33438
131744 3758
131744 38001
131744 38082
131744 38158
131744 38532
131744 3856
131744 3908
131744 41095
131744 42
131744 42909
131744 44356
131744 45102
131744 45430
131744 45494
131744 45796
131744 45938
131744 4628
131744 4773
131744 4775
131744 4788
131744 4800
131744 4809
131744 4844
131744 5017
131744 55818
131744 55855
131744 56172
131744 56308
131744 58717
131744 58718
131744 59318
131744 62014
131744 62955
131744 63927
131744 64049
131744 64050
131744 6421
131744 6939
131744 714
131744 7575
131744 7610
131744 7632
131744 7713
131744 8075
131744 9226
131744 9299
131744 9419
131744 9930
132132 131744
132132 23944
132132 24088
132132 24538
132132 44356
132132 55818
132132 59318
132132 62014
132696 131744
132696 23944
132696 24088
132696 24538
132696 44356
132696 55818
132696 59318
132696 62014
132816 131744
132816 23944
132816 24088
132816 24538
132816 44356
132816 55818
132816 59318
132816 62014
132837 131744
132837 23944
132837 24088
132837 24538
132837 44356
132837 55818
132837 59318
132837 62014
13335 131744
13335 23944
13335 24088
13335 24538
13335 44356
13335 55818
13335 59318
13335 62014
133535 131744
133535 23944
133535 24088
133535 24538
133535 44356
133535 55818
133535 59318
133535 62014
134078 131744
134078 23944
134078 24088
134078 24538
134078 44356
134078 55818
134078 59318
134078 62014
134171 131744
134171 23944
134171 24088
134171 24538
134171 44356
134171 55818
134171 59318
134171 62014
134663 131744
134663 23944
134663 24088
134663 24538
134663 44356
134663 55818
134663 59318
134663 62014
134835 131744
134835 23944
134835 24088
134835 24538
134835 44356
134835 55818
134835 59318
134835 62014
135278 131744
135278 23944
135278 24088
135278 24538
135278 44356
135278 55818
135278 59318
135278 62014
135365 131744
135365 23944
135365 24088
135365 24538
135365 44356
135365 55818
135365 59318
135365 62014
136168 131744
136168 23944
136168 24088
136168 24538
136168 44356
136168 55818
136168 59318
136168 62014
136764 131744
136764 23944
136764 24088
136764 24538
136764 44356
136764 55818
136764 59318
136764 62014
136838 131744
136838 23944
136838 24088
136838 24538
136838 44356
136838 55818
136838 59318
136838 62014
136945 131744
136945 23944
136945 24088
136945 24538
136945 44356
136945 55818
136945 59318
136945 62014
14061 131744
14061 23944
14061 24088
14061 24538
14061 44356
14061 55818
14061 59318
14061 62014
15169 131744
15169 23944
15169 24088
15169 24538
15169 44356
15169 55818
15169 59318
15169 62014
15224 131744
15224 23944
15224 24088
15224 24538
15224 44356
15224 55818
15224 59318
15224 62014
16265 131744
16265 23944
16265 24088
16265 24538
16265 44356
16265 55818
16265 59318
16265 62014
16276 131744
16276 23944
16276 24088
16276 24538
16276 44356
16276 55818
16276 59318
16276 62014
16509 131744
16509 23944
16509 24088
16509 24538
16509 44356
16509 55818
16509 59318
16509 62014
17547 131744
17547 23944
17547 24088
17547 24538
17547 44356
17547 55818
17547 59318
17547 62014
18106 131744
18106 23944
18106 24088
18106 24538
18106 44356
18106 55818
18106 59318
18106 62014
18403 131744
18403 23944
18403 24088
18403 24538
18403 44356
18403 55818
18403 59318
18403 62014
19679 131744
19679 23944
19679 24088
19679 24538
19679 44356
19679 55818
19679 59318
19679 62014
19807 131744
19807 23944
19807 24088
19807 24538
19807 44356
19807 55818
19807 59318
19807 62014
20940 131744
20940 23944
20940 24088
20940 24538
20940 44356
20940 55818
20940 59318
20940 62014
23576 131744
23576 23944
23576 24088
23576 24538
23576 44356
23576 55818
23576 59318
23576 62014
23855 131744
23855 23944
23855 24088
23855 24538
23855 44356
23855 55818
23855 59318
23855 62014
 23944
23944 
23944 10024
23944 10310
23944 13150
23944 131744
23944 132132
23944 132696
23944 132816
23944 132837
23944 13335
23944 133535
23944 134078
23944 134171
23944 134663
23944 134835
23944 135278
23944 135365
23944 136168
23944 136764
23944 136838
23944 136945
23944 14061
23944 15169
23944 15224
23944 16265
23944 16276
23944 16509
23944 17547
23944 18106
23944 18403
23944 19679
23944 19807
23944 20940
23944 23576
23944 23855
23944 23947
23944 24088
23944 24482
23944 24538
23944 2518
23944 26415
23944 2906
23944 29606
23944 29791
23944 32590
23944 32934
23944 3303
23944 33438
23944 3758
23944 38001
23944 38082
23944 38158
23944 38532
23944 3856
23944 3908
23944 41095
23944 42
23944 42909
23944 44356
23944 45102
23944 45430
23944 45494
23944 45796
23944 45938
23944 4628
23944 4773
23944 4775
23944 4788
23944 4800
23944 4809
23944 4844
23944 5017
23944 55818
23944 55855
23944 56172
23944 56308
23944 58717
23944 58718
23944 59318
23944 62014
23944 62955
23944 63927
23944 64049
23944 64050
23944 6421
23944 6939
23944 714
23944 7575
23944 7610
23944 7632
23944 7713
23944 8075
23944 9226
23944 9299
23944 9419
23944 9930
23947 131744
23947 23944
23947 24088
23947 24538
23947 44356
23947 55818
23947 59318
23947 62014
 24088
24088 
24088 10024
24088 10310
24088 13150
24088 131744
24088 132132
24088 132696
24088 132816
24088 132837
24088 13335
24088 133535
24088 134078
24088 134171
24088 134663
24088 134835
24088 135278
24088 135365
24088 136168
24088 136764
24088 136838
24088 136945
24088 14061
24088 15169
24088 15224
24088 16265
24088 16276
24088 16509
24088 17547
24088 18106
24088 18403
24088 19679
24088 19807
24088 20940
24088 23576
24088 23855
24088 23944
24088 23947
24088 24482
24088 24538
24088 2518
24088 26415
24088 2906
24088 29606
24088 29791
24088 32590
24088 32934
24088 3303
24088 33438
24088 3758
24088 38001
24088 38082
24088 38158
24088 38532
24088 3856
24088 3908
24088 41095
24088 42
24088 42909
24088 44356
24088 45102
24088 45430
24088 45494
24088 45796
24088 45938
24088 4628
24088 4773
24088 4775
24088 4788
24088 4800
24088 4809
24088 4844
24088 5017
24088 55818
24088 55855
24088 56172
24088 56308
24088 58717
24088 58718
24088 59318
24088 62014
24088 62955
24088 63927
24088 64049
24088 64050
24088 6421
24088 6939
24088 714
24088 7575
24088 7610
24088 7632
24088 7713
24088 8075
24088 9226
24088 9299
24088 9419
24088 9930
24482 131744
24482 23944
24482 24088
24482 24538
24482 44356
24482 55818
24482 59318
24482 62014
 24538
24538 
24538 10024
24538 10310
24538 13150
24538 131744
24538 132132
24538 132696
24538 132816
24538 132837
24538 13335
24538 133535
24538 134078
24538 134171
24538 134663
24538 134835
24538 135278
24538 135365
24538 136168
24538 136764
24538 136838
24538 136945
24538 14061
24538 15169
24538 15224
24538 16265
24538 16276
24538 16509
24538 17547
24538 18106
24538 18403
24538 19679
24538 19807
24538 20940
24538 23576
24538 23855
24538 23944
24538 23947
24538 24088
24538 24482
24538 2518
24538 26415
24538 2906
24538 29606
24538 29791
24538 32590
24538 32934
24538 3303
24538 33438
24538 3758
24538 38001
24538 38082
24538 38158
24538 38532
24538 3856
24538 3908
24538 41095
24538 42
24538 42909
24538 44356
24538 45102
24538 45430
24538 45494
24538 45796
24538 45938
24538 4628
24538 4773
24538 4775
24538 4788
24538 4800
24538 4809
24538 4844
24538 5017
24538 55818
24538 55855
24538 56172
24538 56308
24538 58717
24538 58718
24538 59318
24538 62014
24538 62955
24538 63927
24538 64049
24538 64050
24538 6421
24538 6939
24538 714
24538 7575
24538 7610
24538 7632
24538 7713
24538 8075
24538 9226
24538 9299
24538 9419
24538 9930
2518 131744
2518 23944
2518 24088
2518 24538
2518 44356
2518 55818
2518 59318
2518 62014
26415 131744
26415 23944
26415 24088
26415 24538
26415 44356
26415 55818
26415 59318
26415 62014
2906 131744
2906 23944
2906 24088
2906 24538
2906 44356
2906 55818
2906 59318
2906 62014
29606 131744
29606 23944
29606 24088
29606 24538
29606 44356
29606 55818
29606 59318
29606 62014
29791 131744
29791 23944
29791 24088
29791 24538
29791 44356
29791 55818
29791 59318
29791 62014
32590 131744
32590 23944
32590 24088
32590 24538
32590 44356
32590 55818
32590 59318
32590 62014
32934 131744
32934 23944
32934 24088
32934 24538
32934 44356
32934 55818
32934 59318
32934 62014
3303 131744
3303 23944
3303 24088
3303 24538
3303 44356
3303 55818
3303 59318
3303 62014
33438 131744
33438 23944
33438 24088
33438 24538
33438 44356
33438 55818
33438 59318
33438 62014
3758 131744
3758 23944
3758 24088
3758 24538
3758 44356
3758 55818
3758 59318
3758 62014
38001 131744
38001 23944
38001 24088
38001 24538
38001 44356
38001 55818
38001 59318
38001 62014
38082 131744
38082 23944
38082 24088
38082 24538
38082 44356
38082 55818
38082 59318
38082 62014
38158 131744
38158 23944
38158 24088
38158 24538
38158 44356
38158 55818
38158 59318
38158 62014
38532 131744
38532 23944
38532 24088
38532 24538
38532 44356
38532 55818
38532 59318
38532 62014
3856 131744
3856 23944
3856 24088
3856 24538
3856 44356
3856 55818
3856 59318
3856 62014
3908 131744
3908 23944
3908 24088
3908 24538
3908 44356
3908 55818
3908 59318
3908 62014
41095 131744
41095 23944
41095 24088
41095 24538
41095 44356
41095 55818
41095 59318
41095 62014
42 131744
42 23944
42 24088
42 24538
42 44356
42 55818
42 59318
42 62014
42909 131744
42909 23944
42909 24088
42909 24538
42909 44356
42909 55818
42909 59318
42909 62014
 44356
44356 
44356 10024
44356 10310
44356 13150
44356 131744
44356 132132
44356 132696
44356 132816
44356 132837
44356 13335
44356 133535
44356 134078
44356 134171
44356 134663
44356 134835
44356 135278
44356 135365
44356 136168
44356 136764
44356 136838
44356 136945
44356 14061
44356 15169
44356 15224
44356 16265
44356 16276
44356 16509
44356 17547
44356 18106
44356 18403
44356 19679
44356 19807
44356 20940
44356 23576
44356 23855
44356 23944
44356 23947
44356 24088
44356 24482
44356 24538
44356 2518
44356 26415
44356 2906
44356 29606
44356 29791
44356 32590
44356 32934
44356 3303
44356 33438
44356 3758
44356 38001
44356 38082
44356 38158
44356 38532
44356 3856
44356 3908
44356 41095
44356 42
44356 42909
44356 45102
44356 45430
44356 45494
44356 45796
44356 45938
44356 4628
44356 4773
44356 4775
44356 4788
44356 4800
44356 4809
44356 4844
44356 5017
44356 55818
44356 55855
44356 56172
44356 56308
44356 58717
44356 58718
44356 59318
44356 62014
44356 62955
44356 63927
44356 64049
44356 64050
44356 6421
44356 6939
44356 714
44356 7575
44356 7610
44356 7632
44356 7713
44356 8075
44356 9226
44356 9299
44356 9419
44356 9930
45102 131744
45102 23944
45102 24088
45102 24538
45102 44356
45102 55818
45102 59318
45102 62014
45430 131744
45430 23944
45430 24088
45430 24538
45430 44356
45430 55818
45430 59318
45430 62014
45494 131744
45494 23944
45494 24088
45494 24538
45494 44356
45494 55818
45494 59318
45494 62014
45796 131744
45796 23944
45796 24088
45796 24538
45796 44356
45796 55818
45796 59318
45796 62014
45938 131744
45938 23944
45938 24088
45938 24538
45938 44356
45938 55818
45938 59318
45938 62014
4628 131744
4628 23944
4628 24088
4628 24538
4628 44356
4628 55818
4628 59318
4628 62014
4773 131744
4773 23944
4773 24088
4773 24538
4773 44356
4773 55818
4773 59318
4773 62014
4775 131744
4775 23944
4775 24088
4775 24538
4775 44356
4775 55818
4775 59318
4775 62014
4788 131744
4788 23944
4788 24088
4788 24538
4788 44356
4788 55818
4788 59318
4788 62014
4800 131744
4800 23944
4800 24088
4800 24538
4800 44356
4800 55818
4800 59318
4800 62014
4809 131744
4809 23944
4809 24088
4809 24538
4809 44356
4809 55818
4809 59318
4809 62014
4844 131744
4844 23944
4844 24088
4844 24538
4844 44356
4844 55818
4844 59318
4844 62014
5017 131744
5017 23944
5017 24088
5017 24538
5017 44356
5017 55818
5017 59318
5017 62014
 55818
55818 
55818 10024
55818 10310
55818 13150
55818 131744
55818 132132
55818 132696
55818 132816
55818 132837
55818 13335
55818 133535
55818 134078
55818 134171
55818 134663
55818 134835
55818 135278
55818 135365
55818 136168
55818 136764
55818 136838
55818 136945
55818 14061
55818 15169
55818 15224
55818 16265
55818 16276
55818 16509
55818 17547
55818 18106
55818 18403
55818 19679
55818 19807
55818 20940
55818 23576
55818 23855
55818 23944
55818 23947
55818 24088
55818 24482
55818 24538
55818 2518
55818 26415
55818 2906
55818 29606
55818 29791
55818 32590
55818 32934
55818 3303
55818 33438
55818 3758
55818 38001
55818 38082
55818 38158
55818 38532
55818 3856
55818 3908
55818 41095
55818 42
55818 42909
55818 44356
55818 45102
55818 45430
55818 45494
55818 45796
55818 45938
55818 4628
55818 4773
55818 4775
55818 4788
55818 4800
55818 4809
55818 4844
55818 5017
55818 55855
55818 56172
55818 56308
55818 58717
55818 58718
55818 59318
55818 62014
55818 62955
55818 63927
55818 64049
55818 64050
55818 6421
55818 6939
55818 714
55818 7575
55818 7610
55818 7632
55818 7713
55818 8075
55818 9226
55818 9299
55818 9419
55818 9930
55855 131744
55855 23944
55855 24088
55855 24538
55855 44356
55855 55818
55855 59318
55855 62014
56172 131744
56172 23944
56172 24088
56172 24538
56172 44356
56172 55818
56172 59318
56172 62014
56308 131744
56308 23944
56308 24088
56308 24538
56308 44356
56308 55818
56308 59318
56308 62014
58717 131744
58717 23944
58717 24088
58717 24538
58717 44356
58717 55818
58717 59318
58717 62014
58718 131744
58718 23944
58718 24088
58718 24538
58718 44356
58718 55818
58718 59318
58718 62014
 59318
59318 
59318 10024
59318 10310
59318 13150
59318 131744
59318 132132
59318 132696
59318 132816
59318 132837
59318 13335
59318 133535
59318 134078
59318 134171
59318 134663
59318 134835
59318 135278
59318 135365
59318 136168
59318 136764
59318 136838
59318 136945
59318 14061
59318 15169
59318 15224
59318 16265
59318 16276
59318 16509
59318 17547
59318 18106
59318 18403
59318 19679
59318 19807
59318 20940
59318 23576
59318 23855
59318 23944
59318 23947
59318 24088
59318 24482
59318 24538
59318 2518
59318 26415
59318 2906
59318 29606
59318 29791
59318 32590
59318 32934
59318 3303
59318 33438
59318 3758
59318 38001
59318 38082
59318 38158
59318 38532
59318 3856
59318 3908
59318 41095
59318 42
59318 42909
59318 44356
59318 45102
59318 45430
59318 45494
59318 45796
59318 45938
59318 4628
59318 4773
59318 4775
59318 4788
59318 4800
59318 4809
59318 4844
59318 5017
59318 55818
59318 55855
59318 56172
59318 56308
59318 58717
59318 58718
59318 62014
59318 62955
59318 63927
59318 64049
59318 64050
59318 6421
59318 6939
59318 714
59318 7575
59318 7610
59318 7632
59318 7713
59318 8075
59318 9226
59318 9299
59318 9419
59318 9930
 62014
62014 
62014 10024
62014 10310
62014 13150
62014 131744
62014 132132
62014 132696
62014 132816
62014 132837
62014 13335
62014 133535
62014 134078
62014 134171
62014 134663
62014 134835
62014 135278
62014 135365
62014 136168
62014 136764
62014 136838
62014 136945
62014 14061
62014 15169
62014 15224
62014 16265
62014 16276
62014 16509
62014 17547
62014 18106
62014 18403
62014 19679
62014 19807
62014 20940
62014 23576
62014 23855
62014 23944
62014 23947
62014 24088
62014 24482
62014 24538
62014 2518
62014 26415
62014 2906
62014 29606
62014 29791
62014 32590
62014 32934
62014 3303
62014 33438
62014 3758
62014 38001
62014 38082
62014 38158
62014 38532
62014 3856
62014 3908
62014 41095
62014 42
62014 42909
62014 44356
62014 45102
62014 45430
62014 45494
62014 45796
62014 45938
62014 4628
62014 4773
62014 4775
62014 4788
62014 4800
62014 4809
62014 4844
62014 5017
62014 55818
62014 55855
62014 56172
62014 56308
62014 58717
62014 58718
62014 59318
62014 62955
62014 63927
62014 64049
62014 64050
62014 6421
62014 6939
62014 714
62014 7575
62014 7610
62014 7632
62014 7713
62014 8075
62014 9226
62014 9299
62014 9419
62014 9930
62955 131744
62955 23944
62955 24088
62955 24538
62955 44356
62955 55818
62955 59318
62955 62014
63927 131744
63927 23944
63927 24088
63927 24538
63927 44356
63927 55818
63927 59318
63927 62014
64049 131744
64049 23944
64049 24088
64049 24538
64049 44356
64049 55818
64049 59318
64049 62014
64050 131744
64050 23944
64050 24088
64050 24538
64050 44356
64050 55818
64050 59318
64050 62014
6421 131744
6421 23944
6421 24088
6421 24538
6421 44356
6421 55818
6421 59318
6421 62014
6939 131744
6939 23944
6939 24088
6939 24538
6939 44356
6939 55818
6939 59318
6939 62014
714 131744
714 23944
714 24088
714 24538
714 44356
714 55818
714 59318
714 62014
7575 131744
7575 23944
7575 24088
7575 24538
7575 44356
7575 55818
7575 59318
7575 62014
7610 131744
7610 23944
7610 24088
7610 24538
7610 44356
7610 55818
7610 59318
7610 62014
7632 131744
7632 23944
7632 24088
7632 24538
7632 44356
7632 55818
7632 59318
7632 62014
7713 131744
7713 23944
7713 24088
7713 24538
7713 44356
7713 55818
7713 59318
7713 62014
8075 131744
8075 23944
8075 24088
8075 24538
8075 44356
8075 55818
8075 59318
8075 62014
9226 131744
9226 23944
9226 24088
9226 24538
9226 44356
9226 55818
9226 59318
9226 62014
9299 131744
9299 23944
9299 24088
9299 24538
9299 44356
9299 55818
9299 59318
9299 62014
9419 131744
9419 23944
9419 24088
9419 24538
9419 44356
9419 55818
9419 59318
9419 62014
9930 131744
9930 23944
9930 24088
9930 24538
9930 44356
9930 55818
9930 59318
9930 62014
