10135 17809
10135 18422
10135 20940
10135 9916
10310 17809
10310 18422
10310 20940
10310 9916
131303 17809
131303 18422
131303 20940
131303 9916
131584 17809
131584 18422
131584 20940
131584 9916
131607 17809
131607 18422
131607 20940
131607 9916
131609 17809
131609 18422
131609 20940
131609 9916
13335 17809
13335 18422
13335 20940
13335 9916
15169 17809
15169 18422
15169 20940
15169 9916
15412 17809
15412 18422
15412 20940
15412 9916
16509 17809
16509 18422
16509 20940
16509 9916
1659 17809
1659 18422
1659 20940
1659 9916
17408 17809
17408 18422
17408 20940
17408 9916
17416 17809
17416 18422
17416 20940
17416 9916
17709 17809
17709 18422
17709 20940
17709 9916
17809 10135
17809 10310
17809 131303
17809 131584
17809 131607
17809 131609
17809 13335
17809 15169
17809 15412
17809 16509
17809 1659
17809 17408
17809 17416
17809 17709
17809 18046
17809 18049
17809 18182
17809 18419
17809 18422
17809 19551
17809 20940
17809 21859
17809 24157
17809 32934
17809 36408
17809 38851
17809 40676
17809 4637
17809 63888
17809 64050
17809 6939
17809 714
17809 7656
17809 7713
17809 8075
17809 9264
17809 9304
17809 9505
17809 9831
17809 9916
18046 17809
18046 18422
18046 20940
18046 9916
18049 17809
18049 18422
18049 20940
18049 9916
18182 17809
18182 18422
18182 20940
18182 9916
18419 17809
18419 18422
18419 20940
18419 9916
18422 10135
18422 10310
18422 131303
18422 131584
18422 131607
18422 131609
18422 13335
18422 15169
18422 15412
18422 16509
18422 1659
18422 17408
18422 17416
18422 17709
18422 17809
18422 18046
18422 18049
18422 18182
18422 18419
18422 19551
18422 20940
18422 21859
18422 24157
18422 32934
18422 36408
18422 38851
18422 40676
18422 4637
18422 63888
18422 64050
18422 6939
18422 714
18422 7656
18422 7713
18422 8075
18422 9264
18422 9304
18422 9505
18422 9831
18422 9916
19551 17809
19551 18422
19551 20940
19551 9916
20940 10135
20940 10310
20940 131303
20940 131584
20940 131607
20940 131609
20940 13335
20940 15169
20940 15412
20940 16509
20940 1659
20940 17408
20940 17416
20940 17709
20940 17809
20940 18046
20940 18049
20940 18182
20940 18419
20940 18422
20940 19551
20940 21859
20940 24157
20940 32934
20940 36408
20940 38851
20940 40676
20940 4637
20940 63888
20940 64050
20940 6939
20940 714
20940 7656
20940 7713
20940 8075
20940 9264
20940 9304
20940 9505
20940 9831
20940 9916
21859 17809
21859 18422
21859 20940
21859 9916
24157 17809
24157 18422
24157 20940
24157 9916
32934 17809
32934 18422
32934 20940
32934 9916
36408 17809
36408 18422
36408 20940
36408 9916
38851 17809
38851 18422
38851 20940
38851 9916
40676 17809
40676 18422
40676 20940
40676 9916
4637 17809
4637 18422
4637 20940
4637 9916
63888 17809
63888 18422
63888 20940
63888 9916
64050 17809
64050 18422
64050 20940
64050 9916
6939 17809
6939 18422
6939 20940
6939 9916
714 17809
714 18422
714 20940
714 9916
7656 17809
7656 18422
7656 20940
7656 9916
7713 17809
7713 18422
7713 20940
7713 9916
8075 17809
8075 18422
8075 20940
8075 9916
9264 17809
9264 18422
9264 20940
9264 9916
9304 17809
9304 18422
9304 20940
9304 9916
9505 17809
9505 18422
9505 20940
9505 9916
9831 17809
9831 18422
9831 20940
9831 9916
9916 10135
9916 10310
9916 131303
9916 131584
9916 131607
9916 131609
9916 13335
9916 15169
9916 15412
9916 16509
9916 1659
9916 17408
9916 17416
9916 17709
9916 17809
9916 18046
9916 18049
9916 18182
9916 18419
9916 18422
9916 19551
9916 20940
9916 21859
9916 24157
9916 32934
9916 36408
9916 38851
9916 40676
9916 4637
9916 63888
9916 64050
9916 6939
9916 714
9916 7656
9916 7713
9916 8075
9916 9264
9916 9304
9916 9505
9916 9831
