
10310
12041
1213
12388
1273
13237
13335
14413
14537
15169
15405
15502
15533
15612
15806
16171
16509
196737
197853
198988
199256
199346
200005
200046
200562
201607
203109
203262
203754
204536
206663
206723
207044
20940
2110
21320
22822
24637
25441
2906
30900
31084
31122
31641
32934
34218
34245
34505
35226
36692
39093
39122
39233
39319
39449
39915
41073
41678
41736
41811
42090
42227
42310
42473
43192
43406
43531
43599
43984
44212
44384
44451
47580
47680
47720
47762
47942
48142
49567
50088
50326
51677
5400
5466
56767
60277
61145
61186
61194
61337
6185
62059
62455
6507
6830
6939
702
714
7713
8075
8220
