
1273
13005
13037
13285
13335
15692
15766
15830
16353
16509
197529
198426
199121
199330
199468
199516
199659
199706
199775
200083
201798
203568
204558
205892
207195
20860
20940
21267
24482
25178
25376
25460
2818
30740
31472
31631
31655
31727
33920
33941
34066
34119
34934
35425
35575
35838
3856
39326
39537
39545
41000
41230
41357
41495
41811
42
42010
42353
42455
42473
42689
43519
43531
43545
44611
47264
47622
47869
49375
50056
5089
51043
5378
5587
56478
56595
57099
57356
58226
58273
60610
61049
61081
6717
6908
6939
714
7713
786
8075
8426
8468
8553
8851
9009
