
10310
12041
12200
12390
12496
12519
12654
12775
13009
13030
13037
13335
13414
136620
14340
14413
14492
15169
15830
16162
16265
16353
16376
16509
197898
197913
198440
198736
199335
199659
200052
200612
204913
205389
20562
206347
20712
20738
20915
20940
20952
21321
21345
21371
21396
24482
24916
25061
25152
25160
25178
25180
2529
25369
25577
2603
2818
28792
29017
2906
29129
29550
29611
29676
30740
30781
30803
31122
31402
31459
31463
31472
31595
31655
31712
31742
3213
32787
33073
33438
33445
33920
33941
34066
34442
34555
34660
34746
34790
35266
35425
35575
36692
37271
3856
39295
39326
39522
39545
41000
41103
41230
41678
41963
42
42010
42353
42455
42579
42689
42831
43013
43100
43323
43531
43545
44356
44444
44611
44684
45014
45430
46489
47474
47480
47866
47998
48620
49158
49344
49375
49544
50023
50056
50287
50300
50823
50957
51043
51263
51406
51409
51561
51762
51782
51918
51945
52075
5378
54104
54113
5413
5503
55195
5607
56329
56478
56595
56745
57099
57976
59439
59455
59701
59953
60257
6067
60793
60868
61049
61124
62240
63949
64271
64415
6507
6774
6894
6908
6939
714
7342
7713
8075
8190
8218
8282
8330
8426
8468
8530
8607
8674
8676
8683
8838
8897
8916
8966
9009
