
10024
10026
10030
10032
10084
10098
10099
10103
10118
10135
10143
10158
10217
10222
10282
10310
10474
10481
10617
109
1101
11014
1103
11058
11179
112
1120
1126
1136
1140
11664
11666
11815
11816
12041
12083
1213
12189
12200
12290
12301
12303
12306
12307
12310
12312
12315
12316
12322
12324
12329
12333
12337
12346
12347
12348
12350
12355
12360
12386
12387
12388
12389
1239
12390
12399
12401
1241
12414
12430
12440
12453
12464
12470
12479
1248
12480
12496
12508
12510
12519
12531
12536
12541
12548
12552
12553
1257
12570
12576
12577
12578
12580
12593
12594
12605
12615
12625
12630
12637
12650
12654
12658
12659
12662
1267
12670
12676
12678
12680
12684
12687
12693
12695
12696
12700
12703
12709
12713
12714
12715
12716
1273
12731
12732
12741
12748
12759
12775
12779
12788
12808
12826
12827
12829
12835
12843
12849
12850
12859
12871
12874
12876
12883
12895
12897
12902
12905
12912
12923
12931
12941
12956
12963
12968
12969
12971
12975
12982
12989
1299
12990
12993
12998
13000
13002
13004
13005
13006
13009
13030
13032
13037
13041
13045
13046
13053
13054
13064
13097
13101
13110
13119
13121
13122
13124
131274
131303
13132
131477
13150
13157
131584
131607
131609
131613
13170
13172
131744
131758
13184
13188
13193
13194
13208
13213
132132
132203
132252
13237
13238
132405
13249
132499
13250
132506
132591
132696
132816
132837
132839
13285
132876
132894
133023
13307
133070
133077
133100
133159
133229
133324
133333
13335
133372
133380
133535
13360
133612
133613
133771
133778
133812
133929
133934
133952
134078
134090
13414
134145
134171
1342
134390
13445
134503
134548
134663
134672
134705
134835
135025
135060
135099
135158
135278
135330
135356
135365
135373
135386
135391
135484
135513
135607
136001
136019
136168
136253
136390
136501
136557
136614
136620
136764
136769
136838
136879
136945
136972
137
13720
13768
137816
13896
14037
14061
14127
14340
14413
14492
14537
14551
14717
14907
15133
15169
15224
15366
15377
15398
15399
15401
15405
15412
15422
15425
15426
15433
15435
15436
15447
15456
1547
15480
15497
15502
15510
15516
15517
15533
15542
15547
15557
15566
15576
15589
15594
15598
15600
15605
15606
15612
15614
15623
15672
15685
15691
15692
15693
15694
15695
15699
15702
15703
15704
15716
15720
15732
15734
15738
15743
15763
15766
15772
15773
15802
15805
15806
15826
15830
15839
15855
15879
15895
15925
15932
15933
15935
15943
15958
15960
15962
15965
15966
15967
15997
16007
16019
16024
16030
16066
16080
16082
16086
16097
16099
16128
16138
16147
16160
16162
16164
16171
16174
16178
16191
16211
16242
16246
16265
16276
16298
16302
16303
16314
16316
16342
16347
16353
16363
16367
16371
16376
16509
1659
16637
1668
1680
16814
16839
17088
17102
17222
174
17408
1741
17416
17444
17451
17511
17537
17547
17554
17557
17559
17579
1759
17604
1764
17657
17660
17666
17676
17709
17809
17819
17890
17924
17934
17975
17984
17990
18001
18046
18049
18059
18103
18106
18182
18218
1825600
1836
18403
18419
18422
1853
18705
18747
1921
19324
1955
19551
196621
196645
196681
196689
196730
196737
196749
196752
196753
196761
196762
196766
196776
196777
19679
196819
196844
196865
196866
196881
196891
196922
196924
196925
196954
196968
196969
196983
197000
197013
197033
197038
197046
197062
197064
197071
197075
197091
197099
197133
197155
197156
197177
197197
197216
197219
197220
197284
197293
197295
197307
197405
197422
197426
197431
197437
197439
197440
197447
197480
197496
197520
197524
197529
197540
197551
197588
197589
197595
197612
197615
197667
197669
197678
197682
197692
197696
197697
197698
197734
197811
197837
197838
197853
197898
197902
197913
197915
197922
197964
197965
197977
197981
197985
198001
198013
198018
198028
198036
19807
198072
198091
198102
198111
198112
198126
198151
198184
198187
198191
198227
198249
198259
198263
198271
198287
198288
198290
198292
198313
198319
198327
198331
198335
198380
198385
198408
198410
198426
198431
198435
198440
198497
198517
198545
198551
198554
198570
198577
198591
198604
198605
198611
198682
198697
198713
198721
198726
198736
198738
198743
198781
198782
198792
198849
198857
198880
198884
19889
198910
198921
198930
198935
198967
198975
198988
199057
199060
199113
199121
199125
199139
199163
199181
199188
19919
199204
199256
199265
199275
199298
199319
199324
199330
199332
199335
199338
199346
199356
199358
199362
199383
199396
199403
199411
199421
199450
199453
199468
199481
199483
199490
199496
199503
199516
199524
199536
199547
199599
199659
199660
199670
199706
199715
199775
199790
199803
199811
199837
199841
199859
199888
199939
199941
199947
199995
200000
200005
20001
200020
200023
200039
200043
200046
200050
200052
200062
200070
200077
200079
200083
200089
200094
200108
200116
200129
200155
200185
200187
200437
200478
200507
200533
200561
200562
200582
200605
200612
200638
200680
200700
200756
200759
200780
200781
200794
200799
200856
200904
200924
200981
200995
200999
201053
201054
201058
201080
201085
201126
201163
201189
201207
201213
201214
201216
201217
201219
201261
201266
201277
201288
201290
201300
201320
201323
201342
201354
20144
201445
201473
201502
201505
201506
201517
201518
201594
201602
201607
201675
201699
201701
201703
201730
201764
201791
201798
2018
201806
201808
201814
201838
201877
201950
201990
202004
202020
202023
202032
202050
202053
202069
20207
202081
202119
202120
202140
202149
202162
202169
202189
202194
202196
202197
202222
202347
202589
202605
202761
20278
202793
202867
202885
202921
202932
202954
203028
203040
203057
203064
203109
203164
203165
203180
203201
203231
203255
203261
203262
203319
203340
203364
203416
203417
203421
203435
203475
203489
203507
203520
203536
203547
203554
203566
203567
203568
203591
203628
203698
203724
203754
203789
203851
203885
203908
203923
203941
203968
203969
203976
204121
204178
204180
204196
204207
204222
204264
204281
204366
204536
204558
204577
20459
204598
204631
20473
204809
20485
204913
204923
204948
20495
204995
205032
20504
205073
205099
20510
205139
20516
205168
20523
205260
205276
205299
205308
205344
205384
205388
205389
205402
20546
205460
205485
205530
205535
20555
205555
205581
20559
20562
20565
205668
20569
205705
205727
205801
205892
205917
205919
20596
206022
206053
206055
206108
20612
206183
20621
206264
206299
206313
20633
206336
20634
206342
206347
206356
206394
20640
206405
206442
206454
20647
206492
206508
206548
206581
206616
206640
206663
206676
206693
20670
206701
206720
206723
20676
206776
206782
20681
20682
20686
206892
206934
206999
207013
207018
20704
207044
20712
20714
207153
207195
20723
20738
20751
20764
20766
20771
20773
20783
20792
20799
20804
20810
20811
20830
20832
20833
20836
20845
20847
20849
20853
20857
20860
20873
20882
20886
20893
209
20900
20904
20911
20915
20924
20928
20932
20936
20940
20952
20953
20969
20984
20986
21011
21013
21019
21021
21034
21040
21042
21056
21068
21069
21099
2110
21101
21132
2116
21161
21176
2119
21219
21221
21229
21232
21244
21263
21267
21309
21320
21321
21334
21336
21339
2134
21344
21345
21349
21351
21360
21371
21379
21385
21395 *
21396
21398
21409
21413
21430
21446
21472
21473
21476
21478
21488
21497
21502
21859
2200
22023
22080
22300
22363
2280
22822
22870
22925
2300
23106
23393
23576
23673
23693
23708
23709
23727
23749
23756
23855
23875
23881
23889
23911
23930
23939
23944
23947
24028
24043
24077
24088
24133
24151
24157
24167
24195
24218
24334
24441
24449
24479
24482
24516
24521
24538
24582
24586
24592
24593
24594
24608
24611
24637
24642
24679
24700
24703
24709
24724
24730
24748
24750
24751
24770
24776
24778
24806
24822
2484
24843
2486
24864
24875
24880
24889
24896
24904
24916
24931
24940
24951
24953
24961
24962
2497
24971
24989
24994
24995
25002
25011
25061
25068
25074
25081
25084
25091
25093
25133
25143
25148
25151
25152
2516
25160
25178
2518
25180
25182
25192
25220
25229
25234
25248
25255
25273
25279
2529
25291
25369
25373
25374
25375
25376
25385
25386
25394
25415
25424
25435
25441
25443
25447
25459
25460
25467
25496
25500
25505
25506
25512
25521
25526
25542
25557
25560
25563
25575
25577
25581
25590
25593
25595
25596
25605
25818
2595
2597
2602
2603
2607
2611
26120
2613
262195
262259
262589
262632
262788
26282
263209
2635
263768
263776
263789
263801
263833
26415
264704
264723
264768
264785
264797
264815
26496
265639
265715
265806
26667
266793
267613
2686
2687
2706
27281
27313
27381
27471
27630
27747
27822
27848
27851
27865
27955
27964
27983
27984
27988
28037
28066
28073
28114
2818
28260
2828
2852
2854
2856
2857
28598
286
2860
28676
28685
28716
28725
28748
28757
28760
28773
28788
28792
28801
28804
28834
28846
28851
28855
28857
28858
28859
28875
28876
28889
28892
28907
28909
28917
28920
28929
28941
28952
28972
28978
28994
28999
29006
29009
29014
29017
29037
29049
29056
2906
29062
29073
29074
29075
29076
29081
29084
29086
29097
29102
29107
29119
29129
29134
2914
29140
29141
29169
29182
29208
29216
29222
29226
29244
29246
29263
29278
29286
29287
29297
293
29314
29321
29396
29404
29405
29422
29449
29451
29452
29462
29467
29479
29491
29504
29513
29518
29522
29527
29535
29545
29550
29553
29582
29583
29605
29606
29608
29611
29624
29632
29636
29639
29649
29655
29665
29667
29668
29670
29676
29680
29686
29687
29691
29697
29791
29834
29838
29990
30071
30081
30094
30132
30134
30419
30722
30740
30741
30764
30766
30779
30781
30782
30786
30798
30803
30818
30827
30833
30836
30838
30844
30848
30889
30892
30900
30914
30919
30925
30929
30931
30933
30971
30972
30975
30990
31004
31019
31025
31027
31029
31034
31042
31059
31061
31076
31078
31080
31083
31084
31103
31115
31117
31122
31127
31133
31148
31167
31199
31216
31220
31222
31229
31235
31242
31246
31250
31252
31263
31272
31287
31291
31293
31298
31319
31328
31334
31343
31349
31383
31400
31402
31424
31449
31459
31463
31472
31477
31479
31500
31505
31510
31529
31543
31564
31577
31595
31608
31611
31615
31617
31621
31631
31638
31641
31653
31655
31658
31662
31672
31673
3169
31708
31712
31725
31727
31736
31742
3209
3212
3213
3215
3216
3223
3225
32425
3244
3250
3252
3254
3255
3257
32590
3261
3262
3265
3267
3269
327814
32787
328107
3292
32934
32978
3300
33011
3302
3303
33031
33047
33072
33073
33081
33082
33182
3320
3326
3327
3330
3333
33353
3340
33438
33445
3356
33763
33796
33807
33808
33817
33835
33843
33845
33849
33854
33873
33891
33894
33915
33920
33922
33930
33941
33965
33986
34002
34006
34019
34056
34058
34066
34080
34086
34087
34106
34119
34123
34141
34177
34214
34215
34218
34224
34245
34251
34252
34254
34265
34270
34288
34305
34309
34312
34337
34342
34347
34407
34409
34422
34442
34505
34525
34530
34554
34555
34569
34572
34578
34594
34606
34624
34655
34659
34660
34683
34695
34700
34743
34746
34756
34758
34762
34768
34772
34779
34788
34790
34792
34803
34844
34863
34867
34868
34891
34895
3491
34934
34953
34955
34960
34966
34967
34968
34984
35004
35012
35028
35030
35054
35141
35156
35174
35179
35180
35193
35205
35213
35214
35223
35226
35228
35236
35258
35263
35266
35280
35297
35311
35313
35320
35323
35328
35339
35352
35361
35362
35365
35366
35369
35393
35399
35425
35432
35434
35489
3549
35491
35498
35518
35522
35551
35562
35574
35575
35592
35600
3561
35612
35613
35617
35625
35699
35717
35745
35761
35787
35795
35799
35805
35819
35826
35834
35838
36060
36089
36131
36182
36236
36351
36408
3661
3662
36629
36692
36891
36902
36944
36994
37002
37009
37054
37100
37122
37154
37179
37187
37239
37271
37273
37282
37349
37363
3741
37468
37497
37529
37564
3758
37613
37662
37678
37680
37693
3786
37933
38001
38016
38040
38082
38090
38158
38182
38186
38193
38195
38197
38235
38277
38289
38345
38478
38532
3856
38574
38603
38623
38645
38719
38726
38740
38790
38808
38809
38819
38851
38880
38883
38915
38932
38949
38955
39063
39072
3908
39090
39093
3910
39104
39117
39120
39122
39179
39180
39184
39201
39202
39216
39217
39233
39235
39244
39251
39255
39257
39279
39288
39295
39309
39310
39319
39326
39330
39351
39356
39375
39386
39399
39405
39431
39444
39449
39478
39507
39522
39529
39537
39545
39551
395561
39560
39583
39591
39600
39603
39605
39608
39636
39637
39647
39651
39661
39686
39702
39704
39729
39737
39764
39790
39791
39816
39817
39825
39832
39878
39893
39904
39905
39906
39912
39915
39923
39928
39931
399911
4004
40065
4058
40627
40676
40999
41000
41023
41033
41041
41044
41046
41059
41073
41079
41088
41090
41095
41096
41103
41153
41156
41157
41160
41165
41191
41201
41206
41230
41247
41268
41289
41297
41303
41313
4134
41354
41357
41379
41393
41405
41412
41421
41435
41491
41495
41497
41499
41508
41549
41552
41562
41606
41627
41650
41653
41676
41678
41690
41692
41695
41710
41711
41736
41769
41790
41811
41820
41847
41860
41865
41872
41887
41913
41930
41931
41963
41966
41998
42
42000
42004
42005
42010
42040
42044
42085
42090
42153
42184
42204
42227
42228
42248
42306
42310
42331
42344
42352
42353
42369
42385
42390
42396
42411
42416
42455
42456
42458
42459
42473
42476
42477
42503
42504
42510
42512
42525
42541
42543
42546
42567
42579
42587
42605
42624
42643
42649
42652
42669
42673
42689
4270
42707
42708
42739
42760
42763
42794
42797
42830
42831
42832
42841
42845
42864
42909
42929
42949
42963
42965
43013
43037
43061
43070
43100
43110
43118
43139
43142
43171
43190
43192
43205
43225
43248
43253
43256
43284
43293
43323
43325
43332
43333
43338
43341
43350
43366
43376
43404
43406
43407
43409
43413
43418
43436
43437
43451
43476
43509
43519
43530
43531
43541
43545
43554
43558
43561
43576
43578
43599
43623
43653
43658
43668
43679
43708
43709
43727
43793
43848
43858
43928
43930
43941
43942
43957
43967
43984
43995
43996
44000
44020
44034
44050
44053
44066
44096
44099
44141
44160
44185
44212
44217
44219
44295
44302
44306
44332
44356
44370
44371
44384
44416
44431
44444
4445
44451
44494
44503
44513
44514
44522
44530
44583
44590
44600
44608
44611
44646
44654
44655
44684
44712
44735
44765
44788
44814
44827
44831
44843
44856
44865
44901
44902
44914
44927
44943
44965
44974
44981
45014
45015
45037
45102
4515
45177
45187
45204
45261
45348
45352
45430
45437
45474
45481
45489
45494
45496
45561
45587
45590
45629
45671
45707
45753
45758
45763
45780
45796
45816
4589
45896
45899
45910
45920
45929
45932
45938
4594
4608
4609
46235
4628
4637
4641
46450
4646
4647
46489
4651
46562
4657
4658
46786
47009
47065
47110
47116
47119
47147
47169
47172
47176
47178
47195
47200
47215
47217
47223
47232
47242
47252
47254
47264
47302
47329
47337
47372
47381
4739
47406
47408
47441
47447
47474
47480
47541
47544
4755
47580
4760
47605
47608
4761
47617
47622
47626
47631
4764
4766
47672
47680
47692
47704
47720
47727
4773
47748
4775
47762
47764
47790
4780
47836
47866
47868
47869
47872
4788
47886
47927
47942
47973
47998
47999
4800
48027
4809
48101
48115
48117
48142
48152
48166
48173
48200
48229
48237
48239
4826
48278
48283
48293
48294
48296
48297
48298
48310
48326
48339
48345
48347
48362
4837
48385
48417
48424
48426
48428
4844
48452
48461
48484
48487
48500
48505
4851
48518
48519
48522
48526
48533
48544
48559
4862
48620
48634
48648
48650
48683
48707
48712
48719
48815
48821
48858
48885
48896
48918
48919
48943
48945
48964
48971
49009
49024
49029
49038
49044
49088
49102
49115
49136
49142
49158
49183
49206
49223
49237
49242
49249
49285
49289
49318
49344
49360
49367
49373
49375
49386
49405
49415
49420
49425
49453
49460
49461
49463
49477
49489
49505
49524
49535
49544
49567
49572
49588
49594
49605
49638
49640
49653
49666
49685
49690
49709
49715
49724
49737
49743
49758
49763
49785
49792
49808
49820
49824
49830
49835
49867
49888
49895
49931
49958
49981
49983
50010
50020
50023
50031
50032
50056
50061
50072
50073
50083
50088
50108
50112
50121
50128
50153
50157
5017
50204
50245
50261
50266
50272
50287
50289
50292
50295
50300
50304
50311
50316
50324
50326
50331
50333
50343
50352
50384
50401
50434
50468
50469
50472
50481
50499
50507
50533
50581
50599
50606
50607
50618
50620
50622
50624
50625
50628
50629
50643
50655
50673
50683
50695
50698
50705
50746
50763
50767
50782
50786
50796
50809
50812
50823
50837
50856
50858
50864
50866
50877
5089
50903
50914
50923
50953
50957
51018
51023
51028
51043
51048
51050
51055
51060
51069
51088
51101
51148
51155
51159
51167
51184
51185
51248
51254
51262
51263
51265
51269
51273
51277
51290
51297
51310
51313
51324
51326
51343
51353
51394
51395
51399
51405
51406
51409
51426
51464
51468
51473
51483
51484
51500
51531
51551
51555
51561
51566
51569
51580
51582
51590
51603
51619
51677
51708
51728
51752
51762
51768
51782
51795
51800
51823
51852
51862
51863
51864
51873
51906
51918
51920
51935
51945
51947
51985
52041
52064
52075
52101
52106
52124
52143
52180
52233
52236
52251
52275
52290
52300
52320
52339
52348
52363
52376
52381
52409
52431
52438
52873
53264
53563
53727
5378
53813
5385
53889
5390
5391
5392
5394
5396
5400
5403
5404
5409
5410
54104
54113
5413
54183
5430
54312
5439
54574
5466
54825
5483
54994
5500
5503
55081
5511
55195
5521
5524
5526
553
55329
55350
55355
55361
55367
5539
5550
55536
55569
5560
5563
5564
55666
55685
55699
55707
55720
55769
5578
55799
5580
55805
55818
55819
5583
55855
5587
5588
559
55967
5602
5603
5605
56059
5607
5610
5617
56172
56182
56190
56195
56258
56294
56308
5631
56329
56344
56349
56357
56391
56396
56441
56444
56456
56478
56484
56550
56583
56595
56611
56630
56647
56654
56656
56658
56665
56682
56704
56712
56730
56745
56767
56800
56835
56911
56926
56945
56953
56972
56990
57043
57099
57111
57118
57119
5713
57169
57208
57228
57239
57279
57305
57315
57332
57344
57356
57367
57389
57422
57463
57468
57495
57581
57613
57633
57642
57653
57665
57701
57718
57724
57734
57760
57809
57811
57864
57896
57902
57928
57976
58010
58073
58138
58208
58209
58226
58237
58239
58243
58273
58291
58299
58307
58308
58309
58321
58381
58411
58451
58453
58507
58511
58530
58548
58552
58580
58589
58627
58708
58717
58718
58779
58868
58879
58914
58929
58952
58985
59214
59318
59368
59371
59395
59410
59414
59439
59455
59497
59507
59536
59545
59560
59605
59611
59620
59622
59624
59636
59649
59655
59659
59675
59689
59699
59701
59761
59771
59796
59804
59842
59862
59865
59890
59891
59905
59933
59940
59949
59953
59970
59984
60011
60022
60032
60082
60132
60144
60157
60169
60171
60173
60191
60241
60257
60277
60280
60294
60314
60319
60339
60350
60390
60394
60404
60427
60447
60458
60475
60486
60497
60501
60517
60522
60563
6057
60610
60617
60624
60646
60664
6067
60673
60713
60718
60720
60752
60764
60772
60777
60782
60793
60798
60800
60804
60806
60809
60822
6083
60868
60890
60893
60899
60940
60953
61049
61081
61098
61124
61145
61154
61157
61174
61186
61194
61200
61205
61215
61231
61242
61244
61266
61287
61296
61297
61317
61319
61323
61337
61349
61371
61387
61438
61470
61487
6169
6185
61955
62014
62022
62023
62035
62041
62044
62059
62093
62166
62201
62206
62214
62217
62227
62240
62244
62245
62275
62292
62320
62325
62336
62363
62373
62455
62512
62597
62713
62715
62955
63113
63199
63311
63399
63541
63631
63859
63888
63916
63920
63927
63928
63949
63956
64002
64013
64047
64049
64050
64096
64098
6412
6421
64252
64271
64315
64415
64463
6447
64476
64488
64515
64518
64525
64527
6453
64583
64595
64597
6461
64650
6507
6619
6643
6648
6659
6660
6661
6663
6667
6667 
6677
6682
6697
6702
6712
6717
6720
6724
6730
6734
6735
6738
6752
6758
6762
6768
6772
6774
6775
6776
6779
6798
680
6805
6830
6834
6846
6849
6853
6855
6858
6866
6876
6881
6886
6894
6898
6900
6908
6910
6939
7005
702
7049
714
7155
7160
7175
719
7342
7363
7415
7473
7475
7479
7496
7497
7500
7540
7543
7545
7552
7575
7577
7594
7597
7604
7610
7632
7642
7656
766
7660
7713
786
7862
7908
7979
8075
8190
8218
8220
8222
8224
8234
8245
8246
8247
8251
8256
8258
8262
8264
8265
8282
8283
8301
8302
8304
8308
8309
8310
8315
8319
8323
8326
8330
8339
8343
8351
8359
8365
8368
8374
8387
8390
8391
8399
8400
8403
8412
8422
8426
8431
8435
8445
8447
8448
8452
8453
8455
8462
8468
8469
8473
8487
8508
8513
8518
8529
8530
8535
8544
8545
8551
8553
8554
8560
8565
8587
8596
8607
8608
8612
8620
8632
8641
8646
8648
8657
8660
8664
8674
8676
8677
8680
8681
8683
8698
8708
8717
8723
8732
8741
8752
8757
8758
8763
8764
8767
8778
8781
8784
8788
8789
8798
8804
8816
8819
8821
8823
8837
8838
8839
8851
8856
8859
8860
8866
8878
8879
8881
8890
8896
8897
8902
8913
8916
8918
8922
8926
8928
8932
8943
8950
8953
8959
8966
8968
8990
9002
9009
9022
9026
9029
9031
9036
9038
9044
9050
9063
9070
9085
9092
9100
9104
9115
9116
9119
9121
9137
9140
9145
9146
9150
9153
9167
9178
9189
9193
9197
9211
9221
9226
9231
9253
9263
9264
9268
9269
9270
9293
9299
9304
9313
9318
9381
9409
9416
9419
9444
9498
9505
9507
9534
9535
9536
9583
9584
9652
9658
9723
9729
9732
9821
9831
9902
9906
9908
9916
9924
9925
9930
N   
 
