
10024
10310
13150
131744
132132
132696
132816
132837
13335
133535
134078
134171
134663
134835
135278
135365
136168
136764
136838
136945
14061
15169
15224
16265
16276
16509
17547
18106
18403
19679
19807
20940
23576
23855
23944
23947
24088
24482
24538
2518
26415
2906
29606
29791
32590
32934
3303
33438
3758
38001
38082
38158
38532
3856
3908
41095
42
42909
44356
45102
45430
45494
45796
45938
4628
4773
4775
4788
4800
4809
4844
5017
55818
55855
56172
56308
58717
58718
59318
62014
62955
63927
64049
64050
6421
6939
714
7575
7610
7632
7713
8075
9226
9299
9419
9930
