10310
1120
12401
12453
1257
12577
12605
12654
12895
12971
13004
13030
13046
13064
13101
13237
15702
16099
16265
16276
16314
16509
1764
1853
19551
197540
201214
20562
20704
20751
20940
21013
21320
21360
21385
22822
24864
24940
24953
25011
25152
25255
25447
25467
25575
2635
2686
286
28760
28857
28889
29056
2906
29081
29208
29287
29545
30971
31042
31510
31529
31543
3209
3212
3216
3223
32590
32787
32934
3303
3320
3330
33891
34288
34347
34594
34772
34779
35339
35369
3856
38955
39478
39560
39878
39912
41491
42
43061
43848
43957
44306
44765
44865
46489
47147
47692
48339
48362
48943
49808
50507
50629
50782
51184
51265
5400
5403
5588
57169
57463
59890
60517
62363
62373
6507
6663
6720
6730
6798
6830
6939
702
7713
8075
8218
8220
8245
8339
8387
8400
8412
8445
8447
8596
8674
8928
9002
9009
9119
